3 0.31819645187607615 0.4580473127089275 0.43753449590934845 0.4569153238166758 0.4395317910874349 0.4342756081534587 0.3751191998799913 0.1739189557537333 0.3701259619347752 0.17505094464598503 0.3181964518760761 0.4557833349244241
3 0.38799696842360365 0.4703696432165142 0.37494370614485134 0.46679850709664916 0.3609902188813575 0.46985948091367635 0.3492872940797175 0.4805728892732716 0.3369456449645293 0.4986871552706876 0.32645988642246254 0.5247228065197512 0.32070515081417356 0.5428126902194915 0.3168791946290221 0.5688309676642227 0.315078744659539 0.5989305435316569 0.31575391339809505 0.6346419047303077 0.32296463357510696 0.667352971670747 0.3380344817704482 0.71065608785315 0.34928729407971737 0.726471119241124 0.3643660625741382 0.7366743652978813 0.3798949435609298 0.7371845276007192 0.39834955574813136 0.7274914438467998 0.41533924756139506 0.7024445340578245 0.426823653692505 0.6741449050242573 0.43233304892212454 0.6392333654558484 0.4341334988916076 0.6045423288628734 0.4312077676911976 0.5565870723961139 0.4249061927980068 0.5315891195570583 0.4141034929811083 0.501999705992462 0.40127528694854137 0.48210337618178517
3 0.4318910977560722 0.7375673481239235 0.43553720073126206 0.8644301124818582 0.3221910422322491 0.8768819592057185 0.32019374705416265 0.7500995763644294
0 0.31413410906514744 0.6112321462506999 0.2887364439993711 0.6119973667824403 0.2882371064905537 0.7014242094521488 0.4709890941422264 0.710480058408345 0.4709890941422264 0.6221852357217972
0 0.32011868393644843 0.4029309040101721 0.32440537744193826 0.4195905304180548 0.31766913517921713 0.45429812992054636 0.32073108794542154 0.46540459836702397 0.3378778619673804 0.46540459836702397 0.3421645554728701 0.48900572942303805 0.3216472715671595 0.5346385811238222 0.28827465101043176 0.5292665631487685
0 0.4226114621913781 0.36171227123969685 0.44490918154854897 0.35776344731786597 0.4557096393621785 0.3798768612801182 0.45518703656474485 0.42331392442025645 0.435859509502662 0.42434155949058944
0 0.416555711140069 0.5079023163691422 0.4251804329125726 0.49292730949830754 0.43417216412220405 0.48751966812828385 0.44554945667316626 0.4916793922590713 0.45435768316423386 0.4991668956944887 0.4609673001659577 0.5153835538525056 0.4637164238109931 0.5345245508061816 0.4640834332481209 0.5536592818078037 0.461881376625354 0.5744579024617408 0.4569267492241285 0.5902648541587329 0.44848553217018877 0.6039919437903313 0.44132884814619644 0.6085676403341974 0.4352471391330194 0.6070116134886101 0.43453917355933186 0.5727940128094258 0.4297680508766703 0.5494995576770162 0.4233453857269336 0.524125240479213
3 0.4654335624551957 0.2775761544070304 0.49299090187572264 0.1734533558995552 0.5168739517997331 0.27618788398213767
3 0.4949583020862891 0.28106170894127797 0.485323797883421 0.2878692639014617 0.4821881810988189 0.289053911078011 0.47643955032704827 0.29695155892167246 0.47076549519488303 0.32240923655871095 0.4713778655645258 0.35850510648609546 0.4830131717023793 0.3793296966923241 0.489137077234788 0.38349458422883614 0.5032664939286444 0.3707945662599075 0.5081441200380256 0.3581583297100491 0.5121507414850172 0.34789138751328913 0.514066951742274 0.31906497288392466 0.5105705111229063 0.30574957201991154 0.5044859004559897 0.29181808782329244
3 0.9189506761276222 0.3011251118850968 0.9493353355802291 0.1881506975237425 0.9530407818549372 0.18773071828819843 0.9806463566015128 0.29776527800074426 0.9771261826405402 0.3053249042405375 0.923397211657272 0.3053249042405375
3 0.9392402653438426 0.5861870232823819 0.9557177387153186 0.5877673683378988 0.9559835656671182 0.4212396452526882 0.939550154881322 0.422501014181713
3 0.9232343909928352 0.34106728538283065 0.9217297608336532 0.3582422879190901 0.9222855777748595 0.3830210628161901 0.9263615686770386 0.3994002530024088 0.9319197380891007 0.41199963006873075 0.9395159029522525 0.419559256308524 0.9508175140901123 0.419559256308524 0.9604516744043535 0.41661940165971545 0.9671214776988282 0.4069598792422019 0.9723091024834195 0.39058068905598325 0.9743470979345089 0.3742014988697646 0.9745323702482445 0.35068266167929685 0.9719385578559487 0.3322035753153578 0.9671214776988281 0.32044415672012394 0.9621191252279722 0.3099446758315222 0.9528555095412017 0.30700482118271377 0.9469267955016686 0.30700482118271377 0.9356251843638088 0.31330450971587476 0.9278437471869218 0.3263238660177409