4 0.4885703125 0.25419444444444445 0.011140625 0.051402777777777776
4 0.5181875 0.25325000000000003 0.011 0.05
4 0.5538671875000001 0.27140277777777777 0.009296875 0.044180555555555556
4 0.580546875 0.2702777777777778 0.00953125 0.045
4 0.948828125 0.34930555555555554 0.01015625 0.02638888888888889
3 0.9641605009984195 0.12418838325639295 0.9676556696576183 0.12335317752741387 0.9708547137091539 0.12492205736878007 0.9762437139301271 0.1375161187043181 0.9742743814883819 0.16512460330378775 0.9710753374368462 0.1715962326494231 0.9654494323806972 0.17434177237181386 0.9601544629160864 0.1621829536012262 0.9587204086860875 0.14943580489012623 0.9587438872087282 0.13751611870431807
1 0.40390625 0.3527777777777778 0.403125 0.35555555555555557 0.403125 0.37916666666666665 0.40390625 0.38055555555555554 0.40859375 0.3763888888888889 0.4109375 0.36944444444444446 0.4111718750000001 0.3669444444444444 0.40750000000000003 0.36374999999999996 0.41078125 0.35944444444444446 0.4109375 0.35555555555555557 0.40859375 0.35138888888888886 0.4046875 0.35138888888888886
3 0.39703125 0.4058333333333334 0.40054687499999997 0.40875 0.40601562500000005 0.4076388888888889 0.4091406249999999 0.4025 0.40953125 0.39166666666666666 0.40656250000000005 0.38569444444444445 0.40296875000000004 0.3822222222222222 0.398125 0.3840277777777778 0.39515625 0.39013888888888887 0.39515625 0.40111111111111114
4 0.9196700088845832 0.19238389054752472 0.9286052698561139 0.19003057078547542 0.9281640224007297 0.11413600845938773 0.9193390732930451 0.11590099828092466 0.9184565783822766 0.12080374778519389 0.9111759953684366 0.12178429768604773 0.9113966190961289 0.13335478651612312 0.919339073293045 0.1392380859212462 0.9194493851568911 0.14159140568329542 0.9133822326453579 0.14217973562380773 0.9134925445092039 0.1482591450091016 0.9179050190630462 0.15571132425559084 0.9191184495653528 0.1647323833434462 0.9113966190961289 0.1666934831451539 0.9115069309599748 0.17532232227266775 0.9180153309268922 0.18297061149932775
4 0.9511088900807098 0.10962547891546003 0.9523223205830164 0.1865005911424016 0.9430561240199475 0.18748114104325542 0.9425045647007171 0.18042118175710772 0.9359961647337999 0.17277289253044772 0.9354446054145695 0.16257517356156773 0.9428355002922553 0.16257517356156773 0.9422839409730249 0.15355411447371234 0.93654772405303 0.14100307574278312 0.9364374121891839 0.13668865617902617 0.9432767477476395 0.13708087613936773 0.9343414867761088 0.12551038730929234 0.9346724223676471 0.11531266834041233 0.94018801555995 0.11393989847921696 0.9427251884284094 0.1092332589551185
4 0.9757031250000001 0.2188888888888889 0.9859375 0.21819444444444447 0.9875 0.2708333333333333 0.9778125000000001 0.27069444444444446 0.9770312500000001 0.26166666666666666 0.9751562499999998 0.25875000000000004 0.975 0.2502777777777778 0.97921875 0.2501388888888889 0.9746874999999999 0.24194444444444446 0.974609375 0.2379166666666667
4 0.999609375 0.21472222222222226 0.991015625 0.2152777777777778 0.9917187500000001 0.21999999999999997 0.988671875 0.22361111111111112 0.9936718750000001 0.23152777777777775 0.9936718750000001 0.23361111111111113 0.99 0.23333333333333334 0.989921875 0.23708333333333337 0.993828125 0.24208333333333332 0.993828125 0.24902777777777776 0.990625 0.24986111111111112 0.9903906250000001 0.25625 0.9928125 0.2604166666666667 0.993203125 0.2684722222222222 1 0.26819444444444446
3 0.558811615277571 0.28051186195340383 0.5621513559628073 0.28495703305606124 0.5665297783086063 0.28664917695781933 0.5707178344654575 0.284280175495358 0.5737636934886221 0.2781884574490289 0.5733829611107266 0.2680355940384804 0.5707178344654575 0.26092858965109644 0.5669105106865019 0.25822115940828355 0.5627224545296506 0.2575443018475803 0.5591054969396427 0.2616054472117997 0.5585343983727993 0.26905088037953523