1 0.47698437499999996 0.24872222222222223 0.0109375 0.0375
3 0.37892187499999996 0.3410972222222222 0.00696875 0.03158333333333333
4 0.39721875 0.33877777777777773 0.0069453125 0.03375
4 0.4196015625 0.3474027777777778 0.006390625 0.02998611111111111
4 0.43703125 0.34529166666666666 0.0064218750000000005 0.029777777777777778
4 0.60703125 0.2847222222222222 0.610573038183533 0.29360476452774414 0.6102380103010131 0.2987645062202539 0.6140349560490815 0.3043211487905485 0.6093446168144819 0.3092824381515842 0.6092329436936796 0.31543444150146444 0.6134765819249571 0.316823596466293 0.61484375 0.3236111111111111 0.6176085555555453 0.3233725044791215 0.61796875 0.2861111111111111
4 0.6202200636841341 0.29550779137006944 0.6201046309531301 0.30597369231442606 0.6196429000291144 0.3137718145866918 0.6226441510352166 0.3182865169548456 0.6243756420002756 0.3230064330670065 0.6286466530474212 0.3230064330670065 0.6285312203164173 0.28052718805755894 0.6206547806082627 0.28198800622815096 0.6194120345671065 0.2848366766817058
4 0.6921875 0.3138888888888889 0.6938820718960446 0.3458391191204538 0.7002475335030172 0.3460375752370913 0.7 0.30972222222222223
4 0.7009075426558835 0.3111040359146009 0.7006942430264522 0.34464842784258953 0.7090698548883179 0.3434577062834181 0.70859375 0.30972222222222223 0.70344706273797 0.30925711221853797
4 0.7296875 0.3625 0.72890625 0.37916666666666665 0.73203125 0.3875 0.7375 0.3888888888888889 0.73828125 0.3638888888888889
1 0.6562232208829724 0.3617578682999697 0.6562350757573612 0.39277910602938404 0.6615449813835422 0.39688338090952385 0.6641999341966327 0.39462602972544686 0.6638536360036208 0.3780037164608805 0.6648169708829724 0.35620231274441416
4 0.44970116190033715 0.27179045509266914 0.4498471027029957 0.23601098808478557 0.43607328262023304 0.24226293478901834 0.43607328262023304 0.27143868607543775