4 0.71284375 0.16681944444444444 0.019265625 0.08363888888888889
4 0.334375 0.03888888888888889 0.33515625 0.12083333333333333 0.3375 0.125 0.353125 0.12361111111111112 0.3553590213154803 0.12431029792827471 0.35625 0.11666666666666667 0.35625 0.04861111111111111 0.34921875 0.029166666666666667 0.3359375 0.030555555555555555
4 0.7328515624999999 0.16666666666666666 0.018320312499999998 0.08272222222222222
3 0.15576005798301656 0.3575714270317396 0.15390625 0.38472222222222224 0.16015625 0.3972222222222222 0.16953125 0.4 0.17890625 0.3875 0.18125 0.3680555555555556 0.1734375 0.3486111111111111 0.1640625 0.3472222222222222
4 0.384375 0.03333333333333333 0.38515625 0.11388888888888889 0.38671875 0.11805555555555555 0.40390625 0.11805555555555555 0.40625 0.09722222222222222 0.40390625 0.027777777777777776 0.40362398765489516 0.02318916934026824 0.38485202981811295 0.02318916934026823
4 0.8860085422387888 0.26843412067836747 0.8856440805491494 0.31540783317455845 0.8999248249673106 0.3143704494192689 0.9000710422387888 0.26843412067836747 0.8902619977852415 0.27010657393359905
4 0.87758633852005 0.31473958386315243 0.8836340979256919 0.31394244758295037 0.8837051401644807 0.27078637940852424 0.8714854314961891 0.2717958793426471 0.8714854314961891 0.27671718357894814 0.877666335223908 0.290219230901255 0.877595288215263 0.2928691655808115 0.8707039382503755 0.2940048524771965 0.8707039382503755 0.2979166567793747
1 0.05616635276438318 0.1803268169458502 0.06240485500760493 0.17477846527119117 0.06406846169808847 0.0749082468798818 0.05824584970444184 0.06972979615347791 0.05658224301395831 0.08378560041594557 0.042649588384864635 0.08452538199380982 0.04888809062808637 0.09932096783414172 0.05741404635920009 0.10154030240841155 0.05928559817447117 0.11078755181306887 0.04410523852751484 0.11041766102413675 0.04660063714019438 0.12595302336267145 0.053255041056037 0.12706269572946782 0.05907765304968362 0.1407486142826648 0.0428575335096522 0.14185827649013824 0.045560888670165056 0.1592430927733336 0.05283913938341613 0.16109254671799422 0.05658224301395831 0.17995691599759514
1 0.08174421995772434 0.072688912305612 0.0919337823793216 0.07527813766881396 0.09255764059977581 0.07897703539881229 0.10253923505049403 0.08378560041594556 0.10212334480091889 0.09858118625627744 0.09193378237932162 0.10080053098987021 0.08798273362399187 0.1096778794462725 0.10191539967613131 0.11115743244267805 0.10004384786086022 0.12484335099587505 0.09359738906980516 0.12817235793694123 0.08943837234359633 0.13704971655266646 0.09983590273607264 0.14444751201266318 0.09713254757555978 0.15739364898799588 0.09006223056405054 0.16183232829585847 0.08673504002917495 0.17403868369332695 0.07862497454763637 0.1732989021154627
1 0.08233393604327496 0.2774381615343202 0.09685568756300582 0.2751979224272328 0.09704355465510442 0.32899420221922204 0.09234726947334115 0.32565282590552724 0.08276687329357935 0.30359969451273133 0.09215942301917421 0.3015948577116505
1 0.09910990692680399 0.2688492817345303 0.11714359992339433 0.27620033165038665 0.10699964374320008 0.2952462353737211 0.11564080765212723 0.29825348139795566 0.11582865410629417 0.3089459076275069 0.10850245665239885 0.3109507260738145 0.10718751083529868 0.3286600719297618 0.09910990692680399 0.32899420221922204
3 0.8123859342003262 0.29110978774519997 0.8138191856075003 0.2801474121882738 0.8112393267761033 0.2686751500679611 0.8067962348168969 0.2617917969970387 0.8013498731711518 0.2582226540723125 0.7949002260926596 0.2600072255346756 0.790170474404293 0.26842021728943105 0.7884505790141676 0.2773430816033553 0.7888805449885945 0.2883054571602815 0.7927503332356898 0.2956986897924816 0.7976234069155321 0.2997777122784854 0.8045030357146599 0.3007974714010408 0.8095194156397693 0.2959536225710116