4 0.434765625 0.044444444444444446 0.02109375 0.08888888888888889
4 0.51015625 0.04097222222222222 0.0234375 0.08194444444444444
1 0.48984375 0.2604166666666667 0.009375 0.043055555555555555
4 0.5143359375000001 0.261 0.00859375 0.043055555555555555
4 0.538671875 0.26180555555555557 0.00859375 0.043055555555555555
4 0.6164531249999999 0.28391666666666665 0.0078125 0.041666666666666664
1 0.626171875 0.2833333333333333 0.00859375 0.041666666666666664
3 0.3390625 0.24722222222222223 0.3375 0.25972222222222224 0.340625 0.2708333333333333 0.34921875 0.2722222222222222 0.35390625 0.2625 0.353125 0.24722222222222223 0.34605031159390565 0.24210831900809854
3 0.56953125 0.2763888888888889 0.5671875 0.28055555555555556 0.56875 0.2972222222222222 0.578125 0.2986111111111111 0.58125 0.2916666666666667 0.58046875 0.28055555555555556 0.5765625 0.275
1 0.29177468863449396 0.35197621811977076 0.29809063842088673 0.3443073504970667 0.29809063842088673 0.3349467792065895 0.30151124511923294 0.32979846371134863 0.2954594113937262 0.32277802881609846 0.2996693688556642 0.3035888692399264 0.29282818436656577 0.2989085964494723 0.2875657014046508 0.29937661344469013 0.2865132048122678 0.3475835465922984
1 0.27522564748184275 0.30412603887159223 0.2873128117474266 0.2990354734809171 0.2856036168439693 0.34767905408135447 0.2816724516659777 0.34646296101749885 0.2791086499218808 0.3370382648232861 0.27483565327432646 0.32518139920180783 0.28235613338292503 0.3279176002452602 0.2809887699490304 0.31970899711490314 0.27757037075320473 0.31058831583643143 0.27517749413280007 0.3093722311227986