1 0.477125 0.24988888888888888 0.0126796875 0.03865277777777777
4 0.379140625 0.3411111111111111 0.00671875 0.03111111111111111
4 0.397421875 0.3409027777777778 0.0073437500000000005 0.03180555555555555
4 0.4198046875 0.348125 0.006796874999999999 0.029861111111111113
4 0.4371484375 0.34673611111111113 0.007734375 0.029583333333333333
4 0.4503333632421763 0.2718240669433989 0.43624768687603394 0.27200552493201263 0.4361456167574388 0.24533120060579125 0.45033336324217643 0.24424245267410874
1 0.613203125 0.3247222222222222 0.61828125 0.3248611111111111 0.6181249999999999 0.2827777777777778 0.6142187499999999 0.2833333333333333 0.614375 0.2866666666666667 0.6090625 0.2873611111111111 0.6088281249999999 0.29194444444444445 0.6131249999999999 0.2947222222222222 0.6121875 0.29694444444444446 0.60984375 0.29666666666666663 0.609765625 0.30083333333333334 0.612578125 0.3045833333333334 0.61234375 0.3101388888888889 0.608984375 0.3101388888888889 0.609140625 0.31680555555555556 0.612109375 0.31805555555555554
4 0.62921875 0.32416666666666666 0.6239062499999999 0.32416666666666666 0.6235937500000001 0.3181944444444445 0.619921875 0.3140277777777778 0.6202343750000001 0.30930555555555556 0.6236718750000001 0.30972222222222223 0.6240625000000001 0.3029166666666667 0.621484375 0.29930555555555555 0.621328125 0.2954166666666667 0.62421875 0.2947222222222222 0.6241406250000001 0.29291666666666666 0.620703125 0.2909722222222222 0.619453125 0.2843055555555556 0.624765625 0.2843055555555556 0.625234375 0.2811111111111111 0.629296875 0.2819444444444444
1 0.661730942895719 0.3605129151259831 0.6562135033773157 0.3603521154314577 0.6563944030336566 0.3663017041288981 0.6612786937548661 0.3711256949646606 0.6610977940985251 0.37305529129896553 0.6582938494252382 0.37257289221538925 0.6577511504562149 0.3765928845785247 0.6603741954731607 0.37916567969093135 0.6607359947858429 0.38431126991574466 0.6562135033773155 0.38479366899932094 0.6564848528618272 0.39138645647486303 0.6611882439266956 0.3965320466996763 0.6642635380844942 0.39669284639420177 0.6647157872253471 0.35890491818072895
4 0.702734375 0.34402777777777777 0.708828125 0.34402777777777777 0.7086718750000001 0.3101388888888889 0.70234375 0.30944444444444447 0.7020312500000001 0.31416666666666665 0.700703125 0.3148611111111111 0.7009375 0.3184722222222222 0.7009375 0.3258333333333333 0.7030468750000001 0.32652777777777775 0.7034375 0.33208333333333334 0.7008593750000001 0.3323611111111111
4 0.6939843750000001 0.3111111111111111 0.6996875 0.3109722222222222 0.7001562499999999 0.34555555555555556 0.6939062500000001 0.34541666666666665 0.69421875 0.34097222222222223 0.6921875 0.33958333333333335 0.692421875 0.33402777777777776 0.6952343749999998 0.33375 0.695546875 0.32958333333333334 0.6928906249999999 0.32666666666666666 0.6928906249999999 0.3234722222222222 0.6949218749999999 0.3238888888888889 0.694609375 0.32069444444444445 0.691875 0.32083333333333336 0.691875 0.31569444444444444 0.69421875 0.3111111111111111 0.6932031249999999 0.31472222222222224
4 0.735703125 0.3904166666666667 0.73765625 0.3894444444444445 0.7373437500000001 0.3625 0.72953125 0.3638888888888889 0.7293750000000001 0.36861111111111117 0.7325781250000001 0.37388888888888894 0.731640625 0.3755555555555556 0.7290625000000001 0.37583333333333335 0.729453125 0.3806944444444445 0.73203125 0.3851388888888889 0.733125 0.3909722222222222