4 0.43521875000000004 0.049958333333333334 0.0247890625 0.09991666666666667
4 0.51134375 0.045125000000000005 0.0234375 0.09023611111111111
1 0.4903203125 0.2677777777777778 0.0087734375 0.04223611111111111
4 0.51484375 0.2683055555555556 0.009375 0.043625
4 0.5396093750000001 0.2703333333333333 0.009218750000000001 0.042180555555555554
4 0.61675 0.29108333333333336 0.009125 0.042972222222222224
1 0.6268906249999999 0.290375 0.0084375 0.044319444444444446
3 0.33828125 0.2569444444444444 0.33807104828099677 0.2671909281818851 0.34287949863947925 0.2779311705780396 0.34867429778944525 0.2781503591983694 0.3546875 0.2708333333333333 0.3546875 0.25972222222222224 0.35078125 0.25 0.34140625 0.25
1 0.2841787381234525 0.3065092194736296 0.2846260072204287 0.35617124599941585 0.29642317968355936 0.35154764044350356 0.298022801501332 0.3433673731491612 0.3006221704796658 0.3341201425001771 0.2944236633950414 0.3270068776347956 0.29922250688096363 0.3110020365719773 0.29242413612282564 0.30424443592672284
1 0.27562816195470224 0.31064637235185016 0.28482595445580133 0.3078010683594136 0.2852258599102445 0.35510426310761445 0.2792273000609928 0.3451457040183762 0.2750282982811886 0.3319861571794147 0.2810268691141381 0.33163049295928765 0.2778276364622907 0.31918228432915996 0.2742284983560001 0.3152699876763423
3 0.5670682462748362 0.2929090262339375 0.5684477200618027 0.3011903306518022 0.5727357634295711 0.30656922492239375 0.577906143879224 0.30554736777753233 0.5815445550760171 0.30043804463147056 0.5821190488054225 0.29226314069538584 0.5813530641789926 0.28511009390416253 0.577140159252794 0.2789789136132393 0.572758561437974 0.2784934203752445 0.5689058613357535 0.28340699242576767