4 0.429296875 0.050694444444444445 0.02421875 0.10138888888888889
4 0.505859375 0.044444444444444446 0.02734375 0.08888888888888889
1 0.4859375 0.2798611111111111 0.009375 0.043055555555555555
4 0.5109375 0.2798611111111111 0.009375 0.043055555555555555
4 0.5359375 0.28194444444444444 0.0078125 0.041666666666666664
4 0.61328125 0.3034722222222222 0.009375 0.043055555555555555
1 0.62421875 0.3013888888888889 0.009375 0.044444444444444446
3 0.33396297174756395 0.2663386041994232 0.33240047174756393 0.28300527086608984 0.3355254717475639 0.2899497153105343 0.34177547174756395 0.2927274930883121 0.34880672174756394 0.28300527086608984 0.34650658906100584 0.2654142390045299 0.34078356746432426 0.2618054892909465
3 0.5644144482979561 0.30168232137760387 0.564414448297956 0.3108682081230127 0.5675528754069697 0.31742955758613056 0.5743835904161567 0.31874183248466653 0.57890625 0.3125 0.5796875 0.3013888888888889 0.5765625 0.29444444444444445 0.5716143850547069 0.2921683596501705 0.5673682645331878 0.295120971914486
1 0.2739272487218086 0.31872011540041867 0.2742531161157754 0.37067094454458116 0.2867846191465427 0.37122821823750657 0.2914839134225374 0.34392263378181626 0.2855314671225288 0.3377928068257823 0.2899174819972058 0.3210751011199201 0.28279235984552686 0.31604240029107156
1 0.26377196614051596 0.3458050146463333 0.27375996791172275 0.37108431835132266 0.27375996791172275 0.31872011540041867 0.2637239829996455 0.32318297119208445 0.26974557762218154 0.339249261848167 0.2712509762778155 0.34668736572992737