1 0.8077500000000001 0.08019444444444444 0.0259453125 0.12309722222222222
4 0.836328125 0.07844444444444444 0.0275859375 0.12294444444444444
4 0.9013125000000001 0.19672222222222221 0.026070312499999998 0.12120833333333333
1 0.9303046875 0.15618055555555557 0.02121875 0.04495833333333333
1 0.03655472733834615 0.021361198691543844 0.037231666733500715 0.03098878120040868 0.04873963645112821 0.03851033003545933 0.04823193190476229 0.04362498324329377 0.03638549248955751 0.04964222231133429 0.03520084854803705 0.05355342770556063 0.03604702279198023 0.06257928630762141 0.046201113719298616 0.07551635030390852 0.04823193190476229 0.08544479476617538 0.03537008339682568 0.08815255234679363 0.03570855309440295 0.10439909783050301 0.04731778030242273 0.1125 0.05200528030242273 0.12916666666666668 0.05669278030242273 0.13055555555555556 0.06138028030242273 0.11805555555555555 0.06059903030242273 0.005555555555555556 0.05122403030242273 0 0.04888028030242273 0.020833333333333332
3 0.2828125 0.3597222222222222 0.28359375 0.38472222222222224 0.29375 0.4 0.3053139007189509 0.4034709682276837 0.31640625 0.3861111111111111 0.3188400275206125 0.3700749616844019 0.315625 0.3527777777777778 0.30491014567090224 0.339192649597175 0.290625 0.3416666666666667
4 0.9009246844476463 0.3074910263426892 0.9011408890755435 0.3146017563268639 0.9058973908892822 0.3286310344037492 0.9060054932032309 0.3330512179074253 0.9012489913894923 0.3372792195196373 0.9011408890755437 0.34362122193795525 0.9075189255985112 0.3641846843246226 0.9106538927030208 0.36629868513072855 0.9171874999999998 0.36651810042384214 0.9164062499999999 0.3095736559793977 0.9138969621214788 0.3046082979707266
1 0.9197344870747031 0.30825975390854593 0.9191939755049601 0.35861140947216136 0.9205993055862919 0.3707188686344047 0.9280583652487454 0.36745177647951366 0.9294636953300772 0.3591879551465539 0.9318419462369466 0.3493866786818806 0.9362741411088391 0.3415072211318492 0.9271935467371568 0.3378557651940298 0.9308690254114091 0.3232499414427521 0.9335715832601241 0.31959848550493264 0.9350850156554046 0.31248775552075797 0.9256801143418762 0.3090284814744027 0.9220046356676237 0.30576138931951163
1 0.09064705452170961 0.12487544651242158 0.08071560432510796 0.11845511507219424 0.08468818440374862 0 0.0937167754915683 0 0.09443906277859389 0.0035311822921250346 0.10707909030154146 0.005136265152181865 0.10816252123207981 0.01797692803263653 0.09335563184805554 0.03563283949326168 0.09299448820454274 0.03884300521337535 0.10382879750992635 0.04462130350957994 0.0915499136304916 0.070944662414512 0.09173048545224799 0.07447584470663704 0.10473165661870834 0.08410634186697802 0.10039793289655488 0.11010868419989871 0.09191105727400438 0.11235580020397828
1 0.10021910955906184 0.29839219127703787 0.11575678996797852 0.2973918431165021 0.11575678996797852 0.3705859185247511 0.10518630097287045 0.3631993750077359 0.09650341337028127 0.3296241017526735 0.10745141020131455 0.33029560906211897 0.09688092120620644 0.3088074304901904 0.09952355900820678 0.29940636504483864
1 0.12842365658451377 0.29657985090592454 0.13010244027286239 0.36722840042096627 0.1384077993018953 0.3645423711831842 0.14897828829700338 0.32693809095833415 0.1372752550564888 0.3249235690299975 0.1497333247064848 0.29806335042594756