4 0.40553906250000005 0.23125 0.01328125 0.05138888888888889
4 0.4346015625 0.2260972222222222 0.012617187499999998 0.060000000000000005
4 0.62734375 0.27291666666666664 0.0109375 0.05416666666666667
4 0.6401015625 0.2729722222222222 0.01153125 0.05376388888888889
4 0.298046875 0.31527777777777777 0.01484375 0.06111111111111111
4 0.73140625 0.3531666666666667 0.0096953125 0.029791666666666664
1 0.2546073226015399 0.2860175457086725 0.2552739726131191 0.2781165085343998 0.2632737727520703 0.27653630109954525 0.2643848561047024 0.2682402120665589 0.2563850559657513 0.2662649527729907 0.2583850060004891 0.25994412303357256 0.2637182060931232 0.2563886563051498 0.2639404227636496 0.24769751541344978 0.2546073226015399 0.24769751541344978 0.2552739726131192 0.24493215240245436 0.26505150611628164 0.23940142638046347 0.26549593945733446 0.23031523363004985 0.2521629392257493 0.22833997433648168 0.25060742253206436 0.2864125975673862
1 0.24202274190059953 0.28546505726402355 0.23819629538833711 0.28473621030930685 0.23436984887607465 0.27647594482251814 0.22931347312772785 0.27526119989799036 0.22917681432371845 0.2679727303508238 0.23833716945023467 0.2678149546356555 0.23808980342070668 0.2623179317572553 0.23376089790396656 0.2555016233880391 0.22967935841675446 0.25616126613344714 0.22992672444628245 0.24846543410368693 0.23722402231735865 0.249564838679367 0.23759507136165067 0.24450757763123884 0.23046875 0.23958333333333334 0.23054513952010244 0.23373341278957455 0.23759507136165067 0.23373341278957455 0.2388319015092907 0.22779662808090234 0.24180029386362678 0.22801650899603834
1 0.26156250000000003 0.3711111111111111 0.265625 0.37097222222222215 0.26671875 0.36333333333333334 0.26921875 0.36166666666666664 0.2694682201352672 0.35804265723266243 0.26327259888752197 0.35833637557329623 0.26897257043544764 0.3482030928214285 0.268203125 0.34458333333333335 0.2611247835216369 0.3433567402009699
1 0.25 0.3451388888888889 0.256328125 0.34458333333333335 0.256171875 0.37430555555555556 0.25390625 0.37375 0.251015625 0.36430555555555555 0.248828125 0.3638888888888889 0.24874999999999997 0.3605555555555556 0.254140625 0.3597222222222222 0.25390625 0.3548611111111111 0.24984375 0.3477777777777778
3 0.6776083296618923 0.3309634070792768 0.6814052754099607 0.3269943755904483 0.6863189608861647 0.32838353812560367 0.6900042335134308 0.33413863681253575 0.6913443280032842 0.3420766997901928 0.6902275797550355 0.3512054691863677 0.6867656618894868 0.3563652146640409 0.6828570430206162 0.3579528257455069 0.6785017231484235 0.3563652146640409 0.6753748331653948 0.35180082239562666 0.6745931042795529 0.3430689576624 0.675486506286197 0.3349324385681054