4 0.39544531250000003 0.07195833333333333 0.021617187500000003 0.09658333333333334
4 0.7329296875 0.1668888888888889 0.018625 0.08156944444444444
4 0.34542968749999997 0.07881944444444444 0.0200859375 0.09097222222222222
4 0.7130546875 0.16733333333333333 0.0181015625 0.08258333333333333
3 0.15390625 0.36527777777777776 0.15390625 0.3888888888888889 0.16171875 0.4013888888888889 0.175 0.3972222222222222 0.18125 0.38055555555555554 0.1796875 0.3597222222222222 0.1703125 0.3472222222222222 0.16015625 0.35
4 0.8768440800970791 0.29089580904857276 0.8709115734034197 0.2736951401565198 0.8718311587160084 0.2702651485222697 0.8835098477334362 0.27157181330745483 0.8833259319057088 0.31534502603989395 0.8769808142402808 0.3146916963887901 0.87091157340342 0.29656174922386125 0.8713713660597142 0.2923150955257313
1 0.061648275175928635 0.17234117815848496 0.06396008549502596 0.07534789188169057 0.05702465453773399 0.07288196087465341 0.05671641316185435 0.08384165423926294 0.04531148225430755 0.0849376235757239 0.04931862014074291 0.09973320961794678 0.05378812009099774 0.10082917895440771 0.057487016601553455 0.10932294131198012 0.04253730987139076 0.11233685698724774 0.04531148225430755 0.1254884890247792 0.051476309771900416 0.12740643536358587 0.05733289591361364 0.14028407506700205 0.04222906849551112 0.14083205973523255 0.04361615468696951 0.15672361511391636 0.05132218908396059 0.16083350012564496 0.05656229247391452 0.16877927781498683 0.05656229247391452 0.1778210248407897
1 0.0798345163528276 0.17316315516083067 0.08615346455836029 0.17398513216317638 0.08692406799805938 0.16576536213971924 0.09278065413977261 0.16001152312329922 0.09879136096942565 0.15946353845506872 0.09894548165736547 0.14275000607403923 0.09093120588449474 0.141380044403463 0.08908175762921688 0.1348042283846973 0.09385949895535135 0.12658445836124013 0.09987020578500441 0.12576248135889445 0.10094905060058315 0.11151487998490202 0.08784879212569832 0.1098709259802106 0.09231829207595314 0.10000720195206202 0.09956196440912476 0.09754127094502486 0.10141141266440261 0.08329366957103247 0.0913935679483142 0.08219770023457153 0.08954411969303636 0.07616986888403628 0.08368753355132312 0.07479990721346008
1 0.08381428484062212 0.27716456615353946 0.09623769658109012 0.2759202807836022 0.0971125847318273 0.32631383826606386 0.09186325582740419 0.32382526752618923 0.08871365848475032 0.3138709845666906 0.08346931628952432 0.3107309780198816 0.08168578389017551 0.3033326214003606 0.0915133005671093 0.3026724162372547 0.09098836767666699 0.29551777536011503 0.0862639716626862 0.28525242105813214
4 0.8869490231465045 0.3148324912935421 0.8961743473099897 0.3145396238597807 0.9009517473232231 0.29491750579776455 0.8961743473099897 0.2908173617251045 0.8996338438712966 0.2714881110968498 0.8923853748857011 0.268266569325474 0.8857958576260689 0.2676808344579512
3 0.812067035220933 0.2886455818990875 0.8128210436101819 0.28216669499887576 0.812067035220933 0.272113249808892 0.810307682312686 0.26563436290868037 0.8042756151986957 0.2598257056878009 0.7962328590467088 0.2596022957946901 0.7920858129058405 0.2660811826949018 0.7884414390244714 0.2732302992744458 0.7884414390244714 0.28574125328864775 0.7905777961273429 0.2933371896544132 0.7939708338789625 0.2982522073028497 0.7978665438900812 0.2998160765546249 0.8017622539011999 0.3007097161270679 0.806663308431317 0.2980287974097389
1 0.11947271786980643 0.3074681133245942 0.12427977280550233 0.30161776492030484 0.12276174887418065 0.2971174902614216 0.11719568892176488 0.29711749026142165 0.11770168300099033 0.28541678109247304 0.12427977280550233 0.27686626047663176 0.12225575479495523 0.27236598581774857 0.1045455172898481 0.27416608826508 0.10606354122116975 0.32681929806590326 0.1149186599737233 0.32816937181130934