4 0.435640625 0.04984722222222222 0.02284375 0.09969444444444445
4 0.511390625 0.04461111111111111 0.024085937499999998 0.08922222222222222
4 0.514546875 0.2692361111111111 0.0093828125 0.04361111111111111
4 0.5396953124999999 0.27040277777777777 0.009921875 0.04506944444444445
4 0.616890625 0.2906111111111111 0.009375 0.044444444444444446
1 0.49050781250000003 0.2685972222222222 0.0088984375 0.045083333333333336
1 0.6271953124999999 0.2910416666666667 0.00859375 0.044444444444444446
3 0.3383840777562325 0.2602341561731851 0.33863134416306934 0.2677070964686989 0.340856741824601 0.2732019055095178 0.3432057726895511 0.2771581680189074 0.3495110660638908 0.27759775274217297 0.35198373013225936 0.27342169787115056 0.3535909617766989 0.2659487575756368 0.35260189614935156 0.25825602491849026 0.3495110660638909 0.25166225406950754 0.34419483831689857 0.25144246170787476 0.3407331086211826 0.25583830894052995
3 0.5678253596519556 0.2890687012627373 0.5677188058220339 0.2958881463777167 0.5699564362503866 0.3019498753688095 0.57293994348819 0.3061173140501858 0.5772020966850521 0.3057384559882425 0.581038034562228 0.3015710173068662 0.5821035728614435 0.29494100122285843 0.581038034562228 0.2858484077362193 0.5778414196645814 0.2824386851787296 0.5746448047669348 0.27997610777609816 0.5707023130598374 0.2824386851787296
1 0.2746978196818374 0.3112809020508133 0.2837082978096991 0.3104150302787666 0.2841953506814754 0.35500742653917516 0.28029892770726494 0.35046159973592966 0.280420690925209 0.34418402938859055 0.2753066357715578 0.33942173464233333 0.27542839898950183 0.33249476046595916 0.28066421736109715 0.3353088437251112 0.28115127023287345 0.32556778628958505 0.2777419001304393 0.3182078762271875 0.2746978196818374 0.31712553651212905
1 0.2843171138994194 0.35522389448218683 0.2896746954889588 0.3582544456843506 0.2934493552452252 0.35240981122303483 0.29649343569382713 0.34808045236280105 0.2966151989117712 0.34136994612943855 0.2996592793603731 0.33444297195306444 0.2977110678732679 0.3303300810358422 0.29369288168111335 0.33054654897885394 0.29369288168111335 0.32556778628958505 0.2986851736168205 0.31344558148093027 0.2950322770784982 0.3082503508486497 0.28431711389941944 0.30911622262069643