4 0.43517968749999997 0.04988888888888889 0.023140625 0.09861111111111111
4 0.5113125000000001 0.043722222222222225 0.023109374999999998 0.08743055555555555
4 0.5146796874999999 0.2675 0.0086796875 0.043055555555555555
4 0.5393515625 0.2687361111111111 0.0079453125 0.041569444444444444
4 0.6163671875000001 0.2901111111111111 0.009375 0.04583333333333333
1 0.49046874999999995 0.2675416666666667 0.00859375 0.043208333333333335
1 0.6272265625 0.2907638888888889 0.009523437499999999 0.04504166666666667
1 0.27474532840382493 0.30994068628766497 0.28305296252402695 0.3078308109555502 0.28471448934806737 0.35298214306280706 0.2798485893633776 0.3502393051310578 0.2797299088759461 0.3426437539354445 0.27522005035355074 0.3363141279391001 0.2821035186245753 0.33272733987450487 0.2806793527753978 0.3240768510128342
1 0.29456496980487834 0.3276636390774294 0.2990748283272738 0.309940686287665 0.29397156736772107 0.30424402289095503 0.2831716430114584 0.3069868608227043 0.28471448934806737 0.3521381929299611 0.28839358445844254 0.35488103086171036 0.29349684541799526 0.3527711555295956 0.2972946210158019 0.3472854796660971 0.29717594052837043 0.34053387860332973 0.29966823076443105 0.3363141279391001 0.2994308697895681 0.33082845207560163
3 0.33851562500000004 0.2590277777777778 0.33867187500000007 0.26708333333333334 0.34015625000000005 0.27166666666666667 0.342734375 0.27625 0.34671875 0.2768055555555556 0.350625 0.275 0.353046875 0.2693055555555556 0.35343749999999996 0.26083333333333336 0.351796875 0.25472222222222224 0.34890625000000003 0.2505555555555556 0.344609375 0.25027777777777777 0.34125 0.2536111111111111
3 0.5729111931843002 0.3051076876537983 0.5769634046609521 0.30489580731514976 0.5795854238517268 0.3017176022354227 0.581611529590053 0.29747999546245335 0.5817307122805426 0.2890047819165145 0.5799429719231963 0.28307213243435725 0.5770825873514418 0.27968204701598176 0.5730303758747899 0.27968204701598176 0.5698124432315662 0.2837077734503027 0.5681438855647095 0.2885810212392175 0.56790552018373 0.2964205937692109 0.5694548951600968 0.30150572189677427