4 0.434921875 0.050013888888888886 0.0235859375 0.10002777777777777
4 0.5111328125 0.04480555555555555 0.0230390625 0.089625
4 0.5143671875 0.269625 0.0087578125 0.041749999999999995
4 0.539109375 0.270125 0.0085625 0.04240277777777778
3 0.56875 0.2856944444444444 0.5678906250000001 0.2923611111111111 0.568125 0.2984722222222222 0.569609375 0.3023611111111111 0.5721093749999999 0.3063888888888888 0.57734375 0.3055555555555556 0.58109375 0.3009722222222222 0.582109375 0.2959722222222222 0.58203125 0.2894444444444444 0.579375 0.2831944444444444 0.576328125 0.28027777777777774 0.571796875 0.28236111111111106
4 0.6164531249999999 0.29134722222222226 0.0081328125 0.04252777777777778
1 0.6269765625 0.29168055555555555 0.0091875 0.04122222222222222
1 0.490515625 0.2687777777777778 0.00865625 0.04211111111111111
3 0.34041797685982966 0.25654839089489934 0.3385222451482323 0.2644107834840297 0.3395164367639393 0.2723643164096856 0.3436920415499087 0.27748992651733057 0.3496571912441507 0.2760759651083251 0.3533357002222665 0.27059686464842875 0.353465900232699 0.26293779315865967 0.35260645617819864 0.25627059079647496 0.35041878040310676 0.2512701890248364 0.3482311046280149 0.25113128897562426 0.34635595396365043 0.2514090890740486 0.3428400464679671 0.25210358932010946
1 0.28332181721172045 0.3081746081952047 0.2955706927678663 0.30604436896804893 0.29943175136708616 0.31030484742236053 0.2947718530576829 0.3280568409819921 0.30009745112557235 0.333027399178689 0.2965026724297469 0.3424951290771592 0.2970352322365359 0.34935923325355006 0.2877154356177293 0.3583535766570968 0.2831886772600233 0.3533830184603999
1 0.2823438846320761 0.3097223699093794 0.2746095059440364 0.31194459319124046 0.2753126312793127 0.31583348393449723 0.28132825914778803 0.3252779328824066 0.28132825914778803 0.3323612695933385 0.27523450624205975 0.3327779364586875 0.27523450624205975 0.3369446051121769 0.2812501341105351 0.35180572330962245 0.28312513500460534 0.35388905763636713