4 0.433984375 0.049305555555555554 0.02265625 0.09861111111111111
4 0.510546875 0.04375 0.02265625 0.0875
1 0.4908046875 0.26905555555555555 0.008640625 0.042819444444444445
4 0.5150781249999999 0.2690416666666667 0.008546874999999999 0.042819444444444445
4 0.539828125 0.2695694444444445 0.0084453125 0.04106944444444444
3 0.5675373462867277 0.29640839377774764 0.569296875 0.30222222222222217 0.57421875 0.3063888888888889 0.57953125 0.3040277777777778 0.5818351621416935 0.2983529661830374 0.5819132922829774 0.2907135745908275 0.5803125 0.285 0.5775 0.2802777777777778 0.57171875 0.2809722222222222 0.5683967778408513 0.2866855317512985
4 0.616328125 0.29097222222222224 0.009218750000000001 0.04583333333333333
1 0.6271484375 0.29097222222222224 0.009921875 0.043888888888888894
3 0.338984375 0.25875000000000004 0.338359375 0.2661111111111111 0.34015625 0.27194444444444443 0.342421875 0.27652777777777776 0.350625 0.2772222222222222 0.35390625 0.26944444444444443 0.353515625 0.25930555555555557 0.352890625 0.25652777777777774 0.350625 0.2515277777777778 0.34195312499999997 0.25097222222222226
1 0.2835843070856985 0.3079546328508283 0.2941002695733915 0.306516552510631 0.29987827094025576 0.3112416736284222 0.29571810995611353 0.31822663528080924 0.29490918976475256 0.3301421580995871 0.2997627109129185 0.333429198877181 0.2968737102294864 0.340414160529568 0.2968737102294864 0.3484263224249532 0.2916735089993085 0.35828744475773483 0.28462434733173414 0.35500040398014093
1 0.27492187500000004 0.31180555555555556 0.283359375 0.31055555555555553 0.28421875 0.3556944444444445 0.2796875 0.3468055555555556 0.275 0.3369444444444445 0.275078125 0.33361111111111114 0.281953125 0.3331944444444445 0.28171875 0.3265277777777778 0.27468750000000003 0.31625000000000003