4 0.503578125 0.2038611111111111 0.015859375000000002 0.06963888888888889
4 0.5414140625 0.2005 0.01675 0.06805555555555555
1 0.531421875 0.29197222222222224 0.00971875 0.04505555555555555
1 0.557203125 0.2944583333333333 0.00971875 0.044472222222222225
4 0.8745937500000001 0.14076388888888888 0.0210546875 0.09391666666666668
3 0.3388800652375522 0.3861263934879507 0.3382258241392096 0.3761907012403425 0.34045452379369967 0.3645320568622886 0.34554097173168163 0.35751121324663604 0.35215051046463863 0.3561342556244931 0.35830922934763293 0.3577476624617462 0.3633966500687667 0.3637322641761276 0.365624376940105 0.37335331065901994 0.3660957201142508 0.3833271300698347 0.36339665006876676 0.3945241837422987 0.35979788588966094 0.40092251424813924 0.34742712244081525 0.4037217776662552 0.3409043708605105 0.3937244020395852
3 0.5648479928485896 0.3007122790390931 0.564674402955468 0.29145343784244643 0.569014135980184 0.2823488985157679 0.5762180950897446 0.28296615685600496 0.5796898834166272 0.2888300941348025 0.5807314180075822 0.29484834176029556 0.580471035551787 0.3041071914336697 0.5775200169042691 0.3101254475358902 0.5752633530614631 0.31305741193692527 0.5699688780084655 0.31290310159022977 0.5658027301090967 0.305804647630958
4 0.8369407253746063 0.10098607957653216 0.8531501905744724 0.10046245822850551 0.8554407192000559 0.18937608481157042 0.8395342673045537 0.19050729862030008 0.8390252593899488 0.1771589458502905 0.8343169536552001 0.17195535238780082 0.8350804585369687 0.16245312905305542 0.8401705237027406 0.15928572541744576 0.8385162514753439 0.14299620680240588 0.8343169536552001 0.13620889909419498 0.8340624427077591 0.1323627696589308 0.8396615157881356 0.1323627696589308 0.8388980109063671 0.1273854139870205 0.8325354329442215 0.12037186848823023 0.8326626814278034 0.11041716335836789
1 0.9754041823202275 0.20300955532637902 0.9958487677550082 0.19746010821323212 0.9941320543010557 0 0.9446592647241104 0.00489433987515585 0.9449714053540212 0.013495979852132163 0.9735313899783826 0.04374045823567894 0.9672887831306468 0.04818001287779505 0.9499655011197341 0.04873495911331046 0.9502776246037714 0.061498684425146936 0.9647917266748536 0.07703713329355688 0.9711904124104815 0.12587225721984474 0.9455956694679696 0.13502884724283823 0.9463759953239365 0.15195465407903314 0.9532428662856205 0.16194365583429615 0.9624507491069527 0.166105729737651 0.9738435306082935 0.18941341066126952
0 0.9510172101014938 0.13034150849635742 0.9443263107407217 0.12006778715905067 0.9360133822588621 0.12691692976679658 0.9305390130921302 0.14259787364223192 0.9297279929627701 0.16170338634631096 0.9322624280826123 0.17305855021105995 0.9366216417870659 0.18152986403565718 0.9434139158795997 0.18261131151355808 0.951321345434412 0.17251783142256813 0.9534502593519416 0.16260458762743643 0.9458469762676801 0.151609906255321 0.9453400803336056 0.1339463235217765
1 0.3523164707009725 0.08224262590461111 0.3514049145025224 0.16448525180922222 0.359836809338186 0.16367497963282213 0.3589252531397359 0.15557225786882103 0.3669013698761745 0.15314144133962068 0.3714591508684251 0.140582222605419 0.35869736409012337 0.13410004519421814 0.35824158599089834 0.1235665069010167 0.370547594669975 0.1154637851370156 0.3703197056203625 0.10776619946121456 0.36006469838779853 0.10695592728481446 0.3602925874374111 0.10128402205001369 0.3698639275211374 0.09520698072701286 0.3732822632653254 0.08264776199281118 0.3589252531397359 0.08021694546361083
1 0.36390450435381544 0.1259498740275867 0.36989599965946757 0.1197831888007167 0.3716829368558901 0.12707108952338123 0.38145853445984873 0.1276316972712785 0.38177387631804094 0.13660142123763483 0.37168293685589004 0.14725296844768296 0.37178805080862076 0.15061661493506656 0.3777795461142729 0.1504297456857675 0.3766232926342348 0.15678330016193653 0.3703164554703905 0.17173284010586376 0.379356255405234 0.178460133080631 0.3782000019251958 0.18331873356240733 0.3708420252340442 0.18107630257081825 0.37000111361219823 0.1872429877976882 0.3627482508737773 0.1870561185483891 0.36243290901558517 0.15603582316474018 0.3684244043212372 0.15192469968016017 0.3715778229031593 0.13903072147852297 0.3637993904010847 0.13585394424043842