4 0.5220234375 0.18411111111111111 0.017578125 0.07655555555555556
4 0.5657734375000001 0.1808611111111111 0.0159140625 0.07526388888888888
3 0.3262916012678202 0.38447416964637915 0.3277731119755787 0.37452346903662237 0.33172381021040914 0.3613534177285416 0.34242361077115635 0.355792730202299 0.3532880286563344 0.3607680805071774 0.3585556202744926 0.3759868040516741 0.358061777343624 0.3994002205610143 0.35306005473184643 0.40896062949955453 0.34614154784181633 0.4147260519079129 0.3391313547067778 0.4146189481246905 0.3333699292001747 0.40759491754503724 0.32826694586402355 0.3988148833396501
1 0.5806250000000001 0.2959722222222222 0.0101640625 0.04652777777777778
1 0.5478515625 0.2708333333333333 0.546875 0.2725694444444444 0.546875 0.3177083333333333 0.5478515625 0.3194444444444444 0.5556640625 0.3194444444444444 0.55859375 0.3142361111111111 0.55859375 0.2725694444444444 0.5576171875 0.2708333333333333
3 0.5889341696667423 0.29325745753618887 0.5940091336991379 0.28303141150462596 0.6013713948576891 0.28303141150462596 0.6060707156170129 0.2894369175501695 0.6074805101238694 0.30196944367916423 0.6054441383684759 0.3086534433360425 0.6019979721062259 0.3145019621589166 0.5969853713273365 0.3161729544238939 0.5919727619437444 0.3133879571166088 0.5885266042861972 0.30531144350760336 0.58868324429598 0.29305741863918566
4 0.9208984375 0.052083333333333336 0.912109375 0.06770833333333333 0.9169921875 0.0798611111111111 0.916015625 0.08854166666666667 0.921875 0.109375 0.9208984375 0.11805555555555555 0.916015625 0.1267361111111111 0.916015625 0.13020833333333334 0.9208984375 0.1388888888888889 0.921875 0.14756944444444445 0.9248046875 0.15625 0.9365234375 0.15625 0.94140625 0.15104166666666666 0.94140625 0.1267361111111111 0.939453125 0.11979166666666667 0.939453125 0.08854166666666667 0.9375 0.08159722222222222 0.9375 0.05381944444444445 0.9345703125 0.04861111111111111 0.9248046875 0.04861111111111111
4 0.9541015625 0.04861111111111111 0.953125 0.050347222222222224 0.953125 0.06770833333333333 0.955078125 0.07118055555555555 0.955078125 0.08854166666666667 0.95703125 0.0920138888888889 0.95703125 0.10590277777777778 0.953125 0.11631944444444445 0.953125 0.1232638888888889 0.9609375 0.14756944444444445 0.9697265625 0.1527777777777778 0.9765625 0.14756944444444445 0.9765625 0.140625 0.978515625 0.13368055555555555 0.978515625 0.10243055555555555 0.9765625 0.0954861111111111 0.9765625 0.050347222222222224 0.9716796875 0.041666666666666664 0.9638671875 0.041666666666666664
4 0.8222116821891987 0.3954349802883705 0.8312664433528812 0.3957849227488026 0.830675915450902 0.42587997434597064 0.8220148395552055 0.42518008942510627
1 0.3413850743549207 0.024983497102886325 0.3493845979465179 0.017296267225075143 0.3498170046271448 0.027289666066229668 0.3640864250878318 0.02882711204179192 0.36451883176845873 0.03728306490738419 0.3558706981559211 0.04458593329130482 0.34960080128683135 0.05726986258969327 0.3571679181978017 0.059191670059146065 0.3515466313496523 0.07418176832087785 0.34960080128683135 0.08840314359482854 0.3619243916846974 0.09186239703984356 0.3627892050459512 0.09916526542376417 0.35997856162187647 0.10800557978324703 0.35197903803027925 0.10915866426491871 0.34851978458526417 0.12030514758774492 0.3472225645433835 0.1268392929838844 0.34008785431304006 0.12145823206941658
1 0.3583295430248702 0.08398658167083746 0.36546047920446956 0.0766971802428025 0.36563875260895956 0.08525430365832179 0.37918753135019845 0.0874728171364194 0.3802571717771383 0.0953960795581965 0.36563875260895956 0.11092567390487965 0.3740176026199889 0.11346111787984836 0.3747306962379488 0.11789814483604352 0.36742148665385943 0.12582140725782065 0.3649256589909996 0.14071714061076163 0.3766917036873386 0.14388644557947247 0.3768699770918286 0.153394360485605 0.37063040793467916 0.1594160399261556 0.36367774515956974 0.16036683141676888 0.3627863781371198 0.168290093838546 0.35583371536201036 0.1686070243354171 0.35761644940691023 0.10839022992991099 0.3620732845191599 0.10585478595494233 0.3638560185640597 0.09476221856445435 0.3618950111146699 0.09032519160825916 0.35761644940691023 0.08842360862703266