3 0.2779749478079332 0.34100185528756954 0.27901878914405004 0.3760667903525046 0.30093945720250515 0.3764378478664193 0.29947807933194154 0.34100185528756954
3 0.3315240083507307 0.31966604823747685 0.33288100208768273 0.3669758812615956 0.33402922755741127 0.3673469387755102 0.3597077244258873 0.3667903525046382 0.3581419624217119 0.31966604823747685
3 0.3668058455114822 0.3319109461966605 0.3695198329853862 0.3660482374768089 0.3884133611691023 0.36252319109461967 0.3860125260960334 0.3293135435992579
3 0.48956158663883087 0.300556586270872 0.48956158663883087 0.33376623376623377 0.5085594989561587 0.33376623376623377 0.507098121085595 0.3011131725417439
3 0.5591858037578289 0.38404452690166974 0.5586638830897703 0.38738404452690167 0.5713987473903968 0.41948051948051945 0.5805845511482255 0.3825602968460111
3 0.6524008350730689 0.3079777365491651 0.6492693110647182 0.3098330241187384 0.6503131524008351 0.36178107606679033 0.6774530271398748 0.36178107606679033 0.6743215031315241 0.3098330241187384
1 0.650357179572761 0.40964999906240473 0.6505528345605989 0.4197347613483213 0.6542702793295166 0.4273852706686718 0.6527050394268145 0.43468802956537 0.6543898387883731 0.4545724772275806 0.6647499803759962 0.45072482627160354 0.6642860934392368 0.44715200752676765 0.6628790987943786 0.40895449821510016
1 0.6638830897703549 0.3784786641929499 0.6656182686241074 0.44581604312224354 0.6797054277484272 0.4482502960878096 0.6784968684759917 0.38404452690166974 0.6764091858037579 0.3784786641929499
3 0.13784277397346398 0.5747388398511932 0.14597775735550447 0.575542108669993 0.14518685619336166 0.5345753989112076 0.13772978809315786 0.5343745817065078
3 0.13757828810020878 0.5328385899814471 0.144258872651357 0.5333951762523191 0.1465553235908142 0.5280148423005566 0.14592901878914405 0.5207792207792208 0.14321503131524008 0.5172541743970316 0.13914405010438416 0.5168831168831169 0.13632567849686847 0.5202226345083488 0.13569937369519833 0.5283858998144713
3 0.5819415448851775 0.43821892393320966 0.5836116910229644 0.43153988868274584 0.5870563674321503 0.42615955473098327 0.5911273486430063 0.4248608534322821 0.5941544885177452 0.4298701298701299 0.5960334029227558 0.43580705009276444 0.5964509394572026 0.4448979591836735 0.5937369519832986 0.451948051948052 0.5902922755741128 0.45621521335807047 0.5860125260960335 0.45473098330241185 0.5829853862212944 0.4489795918367347 0.581419624217119 0.44304267161410016