3 0.014423076923076924 0.05048076923076923 0.01201923076923077 0.21394230769230768 0.03365384615384615 0.2620192307692308 0.05048076923076923 0.2764423076923077 0.1346153846153846 0.16105769230769232 0.14182692307692307 0.125 0.0889423076923077 0 0.038461538461538464 0 0.016826923076923076 0.03125
3 0.14903846153846154 0.07451923076923077 0.1466346153846154 0.17548076923076922 0.2091346153846154 0.20673076923076922 0.2668269230769231 0.20192307692307693 0.2764423076923077 0.0625 0.2644230769230769 0.04567307692307692 0.27884615384615385 0.02403846153846154 0.27884615384615385 0 0.16105769230769232 0
3 0.31490384615384615 0.07451923076923077 0.3125 0.1875 0.4182692307692308 0.20673076923076922 0.43028846153846156 0.15865384615384615 0.4375 0.002403846153846154 0.31971153846153844 0
3 0.4254807692307692 0.14903846153846154 0.4230769230769231 0.28125 0.4326923076923077 0.3004807692307692 0.5192307692307693 0.2980769230769231 0.5268251239591165 0.2910235191266122 0.5373051952850055 0.26321102214636805 0.5449637089462321 0.25756790681704317 0.5522191429410784 0.26280794247998773 0.5626992142669676 0.28941120046109076 0.5697115384615384 0.29086538461538464 0.5817307692307693 0.004807692307692308 0.4375 0
3 0.6242098060090375 0.09050606358375321 0.6218059598551913 0.16262144819913782 0.6362290367782683 0.22512144819913782 0.6698828829321144 0.2539676020452917 0.7131521137013451 0.24915990973759936 0.7347867290859605 0.22271760204529167 0.7684405752398067 0.14098683281452246 0.7684405752398067 0.08329452512221475 0.7516136521628837 0.023198371276060906 0.7323828829321144 0.003967602045291674 0.662671344470576 0.003967602045291674 0.6410367290859605 0.037621448199137826
3 0.7115384615384616 0.28365384615384615 0.7091346153846154 0.30288461538461536 0.7403846153846154 0.3942307692307692 0.7884615384615384 0.4807692307692308 0.875 0.3004807692307692 0.8173076923076923 0.15865384615384615 0.7932692307692307 0.125
0 0.8070953432989695 0.008337471180544585 0.7952626057167738 0.03938555189564758 0.7819508041481408 0.07339057522185913 0.7740384615384615 0.13861625084163506 0.783653846153846 0.12178932776471198 0.8052884615384615 0.12659702007240428 0.8509615384615383 0.2299624046877889 0.8677884615384615 0.2540008662262504 0.8798076923076922 0.2564047123800966 0.908653846153846 0.22755855853394275 0.9062499999999999 0.19390471238009657 0.9374999999999999 0.10736625084163506 0.9278846153846152 0.016020096995481212
0 0.9134615384615384 0.18028846153846154 0.9182692307692307 0.22115384615384615 0.9975961538461539 0.24519230769230768 0.9975961538461539 0.016826923076923076 0.9759615384615384 0.021634615384615384
0 0.9110576923076923 0.3774038461538461 0.9110576923076923 0.45673076923076916 0.9206730769230769 0.48798076923076916 0.9735576923076923 0.5552884615384615 0.9927884615384616 0.5552884615384615 0.9975961538461539 0.28124999999999994 0.9615384615384616 0.2788461538461538 0.9495192307692307 0.2884615384615384 0.9254807692307693 0.32692307692307687
3 0.8157106722352878 0.6370192307692306 0.8133068260814417 0.7283653846153845 0.8253260568506724 0.7788461538461537 0.849364518389134 0.8197115384615383 0.8661914414660571 0.8365384615384615 0.8854222106968263 0.8389423076923076 0.9094606722352878 0.8269230769230768 0.9455183645429801 0.7812499999999999 0.974364518389134 0.6802884615384615 0.9719606722352878 0.564903846153846 0.9310952876199032 0.4975961538461537 0.8950375953122109 0.49519230769230754 0.8637875953122109 0.5144230769230768 0.8325375953122109 0.5697115384615383
0 0.7163461538461539 0.5985576923076923 0.7139423076923077 0.6730769230769231 0.7235576923076923 0.7235576923076923 0.8076923076923077 0.7283653846153846 0.8197115384615384 0.6009615384615384 0.8341346153846154 0.5600961538461539 0.8197115384615384 0.5168269230769231 0.7860576923076923 0.4951923076923077 0.7620192307692307 0.5048076923076923 0.7307692307692307 0.5456730769230769
0 0.5841346153846154 0.35336538461538464 0.5817307692307693 0.37259615384615385 0.6081730769230769 0.4735576923076923 0.6298076923076923 0.49038461538461536 0.6634615384615384 0.5913461538461539 0.6802884615384616 0.5913461538461539 0.7115384615384616 0.5552884615384616 0.7355769230769231 0.46875 0.7355769230769231 0.3918269230769231 0.7163461538461539 0.3245192307692308 0.6875 0.28365384615384615 0.6490384615384616 0.27403846153846156 0.6105769230769231 0.3004807692307692
3 0.4547300027433034 0.4939684368487306 0.4379030796663803 0.5444492060794999 0.4379030796663803 0.563679975310269 0.4499223104356111 0.578103052233346 0.5364607719740726 0.5805068983871922 0.5821338488971496 0.5708915137718076 0.6109800027433034 0.484353052233346 0.5604992335125342 0.2896415137718075 0.5412684642817649 0.265603052233346
3 0.5264423076923077 0.7620192307692307 0.5240384615384616 0.7860576923076923 0.5360576923076923 0.7980769230769231 0.6971153846153846 0.7860576923076923 0.6947115384615384 0.7283653846153846 0.6418269230769231 0.5408653846153846 0.6177884615384616 0.4879807692307692 0.6057692307692307 0.5048076923076923
3 0.7019230769230768 0.7331730769230769 0.7043269230769229 0.7716346153846154 0.6947115384615383 0.7956730769230769 0.6995192307692306 0.8918269230769231 0.8533653846153845 0.8918269230769231 0.862980769230769 0.8365384615384616 0.8365384615384615 0.8076923076923077 0.8100961538461537 0.7355769230769231
0 0.53125 0.9423076923076923 0.5288461538461539 0.9975961538461539 0.6874158213884599 1 0.6706730769230769 0.8894230769230769 0.6490384615384616 0.8485576923076923 0.6201923076923077 0.8269230769230769 0.5865384615384616 0.8317307692307693 0.5600961538461539 0.8581730769230769
3 0.22355769230769224 0.8485576923076922 0.2211538461538461 0.9783653846153845 0.2596153846153845 0.9903846153846152 0.3461538461538461 0.9903846153846152 0.35817307692307687 0.956730769230769 0.35817307692307687 0.8701923076923076 0.3341346153846153 0.8028846153846152 0.31249999999999994 0.783653846153846 0.2716346153846153 0.7812499999999999 0.24278846153846148 0.8052884615384615
3 0.2956730769230769 0.7596153846153846 0.2932692307692308 0.7740384615384616 0.32211538461538464 0.7836538461538461 0.34375 0.8125 0.36538461538461536 0.8677884615384616 0.4326923076923077 0.8701923076923077 0.4495192307692308 0.8605769230769231 0.44471153846153844 0.7932692307692307 0.3798076923076923 0.5480769230769231 0.36538461538461536 0.5576923076923077
3 0.2091346153846154 0.24278846153846154 0.19471153846153846 0.6177884615384616 0.21394230769230768 0.6274038461538461 0.30528846153846156 0.6298076923076923 0.32211538461538464 0.6201923076923077 0.3245192307692308 0.6033653846153846 0.34134615384615385 0.22115384615384615 0.30528846153846156 0.2091346153846154 0.22115384615384615 0.21394230769230768 0.21153846153846154 0.22115384615384615
0 0.33653846153846156 0.44471153846153844 0.3329342558696782 0.5483272063516743 0.4373491210617816 0.5519071445868321 0.45584546861009706 0.48567828723641226 0.4749384725309388 0.4391390901793605 0.46153846153846156 0.40865384615384615 0.43990384615384615 0.3125 0.4206730769230769 0.29086538461538464 0.4182692307692308 0.23076923076923078
0 0.07692307692307693 0.9639423076923077 0.07932692307692307 0.9831730769230769 0.20192307692307693 0.9855769230769231 0.14182692307692307 0.7475961538461539 0.125 0.7572115384615384
0 0.019230769230769232 0.7548076923076923 0 0.7548076923076923 0 0.9759615384615384 0.03125 0.9807692307692307 0.055288461538461536 0.9495192307692307 0.0673076923076923 0.8365384615384616 0.04807692307692308 0.7740384615384616
0 0 0.45262943168888037 0 0.7475961538461539 0.019230769230769232 0.7355769230769231 0.036057692307692304 0.7067307692307693 0.055288461538461536 0.6153846153846154 0.04567307692307692 0.5096153846153846 0.02259113028037187 0.46957277939915937
0 0.009615384615384616 0.22596153846153846 0.004807692307692308 0.40625 0.055288461538461536 0.41586538461538464 0.06971153846153846 0.40625 0.06971153846153846 0.375 0.052884615384615384 0.29086538461538464 0.01201923076923077 0.21153846153846154