0 0.0009765625 0.07421875 0 0.2197265625 0.0380859375 0.220703125 0.044921875 0.2177734375 0.046875 0.2099609375 0.025390625 0.0869140625 0.0185546875 0.076171875
3 0.263671875 0.2021484375 0.2641826923076923 0.21586538461538465 0.26953125 0.2529296875 0.2725961538461539 0.25625 0.2919921875 0.251953125 0.294921875 0.2490234375 0.28966346153846156 0.21129807692307695 0.2880859375 0.197265625 0.2713942307692308 0.20096153846153844
3 0.6318359375 0.130859375 0.62890625 0.1337890625 0.6308075417818617 0.15716036809750317 0.63671875 0.2158203125 0.6486174456703997 0.21468154416994303 0.6826171875 0.208984375 0.685546875 0.2060546875 0.6820711840556262 0.15836373998186382 0.6796875 0.1240234375 0.6767578125 0.12109375
3 0.732421875 0.2041015625 0.7359171507296408 0.2068940011858421 0.760215167147978 0.20328538488608908 0.7615384615384614 0.19879807692307694 0.7474647228888506 0.1647934776887231 0.743615532169114 0.16431232884875602
3 0.7365384615384615 0.2141826923076923 0.7370192307692308 0.2439903846153846 0.7406250000000001 0.2495192307692308 0.7596153846153846 0.2495192307692308 0.7617788461538461 0.24711538461538465 0.7612980769230769 0.21418269230769232 0.7576923076923077 0.21033653846153846 0.7415865384615384 0.21057692307692305
3 0.7412109375 0.25 0.73828125 0.2529296875 0.73828125 0.2685546875 0.7412109375 0.271484375 0.7629807692307692 0.2711538461538462 0.7668269230769231 0.26778846153846153 0.7658653846153847 0.25312500000000004 0.7603365384615385 0.2507211538461539
3 0.7427884615384616 0.29855769230769236 0.766827288728724 0.2980770652111654 0.7694715207588231 0.29447129426103036 0.768990751298805 0.27860590208043606 0.763942671968616 0.276442439510355 0.7420676615377965 0.27620205478034604 0.7396634615384615 0.2798076923076923 0.7401442307692309 0.29591346153846154
3 0.84375 0.0009765625 0.8444716717716216 0.025071382775977348 0.8478466656068492 0.10631230580967317 0.8767751841945155 0.11282122249189808 0.8731591193710572 0.010607123482144262 0.8649627057712184 0.00024107098823054576
3 0.8505859375 0.115234375 0.84765625 0.1181640625 0.84765625 0.1474609375 0.849609375 0.1533203125 0.8544921875 0.15625 0.8759765625 0.15625 0.8798828125 0.154296875 0.87890625 0.1181640625 0.8701171875 0.115234375
3 0.9428286349696866 0.17598182140830254 0.9430697059579172 0.19526750046674662 0.9478911257225282 0.19864249430197434 0.957051823275289 0.19864249430197434 0.9628375269928223 0.1955085714549772 0.9625964560045918 0.17549967943184142 0.9601857461222862 0.17140147263192207 0.9459625578166837 0.17140147263192207
4 0.8713123158850623 0.31629456482598817 0.876228811711373 0.3813015651960963 0.8511000552657849 0.38294039713819983 0.8445447274973709 0.3168408421400226
4 0.2851567579260204 0.34415470784174873 0.29662858152074534 0.3419695985856107 0.3004525227189869 0.37201485085750935 0.2873418671821585 0.37201485085750935
1 0.03168408421400226 0.2687684385049848 0.07538626933676398 0.27423121164533 0.07921021053500568 0.2971748588347799 0.07429371470869497 0.3179333967680917 0.08685809293148895 0.3375993800733345 0.08740437024552346 0.36163558189085343 0.0775713785929021 0.3643669684610261 0.0830341517332473 0.38020901056802725 0.09395969801393775 0.386218061022407 0.09832991652621394 0.4080691535837879 0.087950647559558 0.41790214523640923 0.08849692487359254 0.436475573913583 0.061183059171866436 0.43920696048375557
1 0.6588104407256333 0.3157482875119536 0.6642732138659786 0.3698297416013713 0.652255112957219 0.3741999601136475 0.6506162810151154 0.3599967499487499 0.6380519027923215 0.3583579180066464 0.6484311717589774 0.3430621532136797 0.6391444574203906 0.32284989259440244
1 0.09669108458411038 0.45013250676444605 0.08849692487359258 0.48564053217668995 0.10433896698059361 0.4960198011433458 0.09450597532797224 0.528796439985417 0.07265488276659138 0.5293427172994516 0.05954422722976284 0.44466973362410067 0.08358042904728183 0.4463085655662043
4 0.6832298063571363 0.3069917710996592 0.6976561113900147 0.30526061449571373 0.6970790591886996 0.3260344937430591 0.7028495812018511 0.337575537769362 0.7005413723965906 0.3560412082114468 0.7045807378057968 0.3641199390298589 0.7016954767992207 0.37854624406273757 0.6918855893768632 0.3791232962640528