4 0.9796640625 0.28497222222222224 0.040671875 0.15269444444444444
3 0.9276688410658626 0.11805012526326454 0.9582262650561535 0.060540638611616834 0.991228245664125 0.10325824105496613 0.9610782788614 0.1568362204709735
3 0.9470384289345933 0.1665830766920589 0.9414790165167813 0.17713106806434673 0.937402116791606 0.1949308102951452 0.9395592579563748 0.21029042110380322 0.9435174663793688 0.22064153700174244 0.9511153184801927 0.22690440122065267 0.9585278615842249 0.23020065984126395 0.9585283374596191 0.2080472578643461 0.980210019422189 0.20837689277982432 0.9822484591052009 0.19914738674894686 0.9824337681019927 0.18365501649915925 0.9766890466873889 0.166514525992483 0.968164629243455 0.15893315832532828 0.9577870811133007 0.15893315832532828
1 0.9424140624999999 0.29644444444444445 0.0325859375 0.12368055555555556
3 0.9677109375 0.39141666666666663 0.064578125 0.04095833333333333
3 0.64128125 0.36081944444444447 0.011296875000000001 0.021291666666666667
3 0.5386484375 0.3620416666666667 0.0120625 0.020208333333333335
3 0.470078125 0.36241666666666666 0.0141484375 0.020791666666666667
3 0.7140625 0.4635 0.011859375 0.05456944444444444
3 0.7094535624638969 0.4130657098684488 0.7169773781583919 0.4136830890377634 0.7199957108543515 0.4187115845594031 0.7201843683417923 0.4291038035222086 0.7166000919686015 0.4368141735525566 0.711506642051158 0.4374846293916082 0.7075450794881768 0.4324561338699684 0.70641320652626 0.41971728110610607
4 0.24129517870920444 0.4593379884168937 0.25185492155548167 0.45954959163491294 0.25161165517123874 0.41195054462784936 0.24090766699758953 0.41195054462784936
4 0.8415092901546201 0.4032800487853628 0.8499527913439648 0.4022229278175013 0.8506825904966939 0.44376391991474295 0.8419247868503803 0.4433311881240747