2 0.697678306311605 0.7129352658000983 0.7198739726623188 0.7029889155664826 0.7616344956823841 0.6999788438946764 0.8000090202955316 0.7019855583425473 0.8011376864311709 0.718039218809624 0.7703816349838531 0.725564384210167 0.7382147276172515 0.734594571667641 0.7122554994964889 0.7340928792767006 0.6975828707328253 0.7200459332574948
2 0.528441101028568 0.6134853954705523 0.5357286955980023 0.6055123702663554 0.5404459980783766 0.600937566572401 0.5841882488755981 0.608181001391626 0.5494517680669017 0.615424436210851 0.527151784138884 0.6158056707245877
2 0.5571709860243897 0.6710845076822298 0.5646757629385825 0.6626973693217946 0.5796853638813354 0.6577413311141035 0.5865468883371933 0.6695595696272828 0.589977662343714 0.679852870085515 0.5758257549025914 0.6802341150701384 0.5578142384827246 0.677946707987718
2 0.5018499082909361 0.6882400084459501 0.5082825977745707 0.6790904010580414 0.5232921751601399 0.679471646042665 0.5361575541274093 0.684427684250356 0.5556700165072409 0.6836652152228826 0.5826872793584492 0.6813778081404621 0.6000555197627974 0.6863338463481532 0.5946949412669046 0.6943397397239649 0.5554555990211294 0.6962459018217619 0.5134287352271684 0.699677001974506 0.5012066322754175 0.6882400084459501
2 0.4838562575904044 0.77646991212762 0.49584607733670855 0.7724925742096052 0.5331556386502954 0.7663928429315907 0.5428046610971555 0.7694427190414846 0.5374440826012628 0.7774486124172965 0.5162162332181705 0.7839295886799345 0.491772039093261 0.786598219805205 0.4861970548898485 0.7843108127227845
2 0.42344475977159396 0.718138611429301 0.42723079744235426 0.7084453853195648 0.43773751339084455 0.7027268780844002 0.45296153181970905 0.6954834327942885 0.4611095965280122 0.6966271468063854 0.4608951672633087 0.7069204472646177 0.4566067115337496 0.7137826475701059 0.44459903784670235 0.7214073169030675 0.43066155967028313 0.7217885409459175
2 0.4255154222176857 0.6707032836393797 0.43687981988921437 0.6581225760987269 0.4553201830598962 0.6539290069185094 0.5052806822974569 0.6607912072239975 0.5207191182124331 0.6638410833338915 0.5151441222304286 0.6733719147646503 0.4786922544184719 0.6771842389602444 0.45789325178619483 0.6722282007525534 0.43387790441210045 0.6741343837921239 0.42251349496198004 0.6790904010580415
2 0.3354344856153189 0.8135557380931662 0.34829984102540446 0.808218475842625 0.3628805834387503 0.8044061307052573 0.37638921486435445 0.8040249066624073 0.3892545938316238 0.8009750305525133 0.38796804180058664 0.8143182071206396 0.37081421888235 0.8196554693711808 0.340795040554028 0.8173680622887604 0.3343623746275771 0.8146994311634898
2 0.256526907258586 0.7685701911228696 0.2706788146997087 0.7537020974415696 0.3004835755419191 0.7537020974415696 0.31399220696752317 0.7556082595393667 0.3122768199642628 0.7685701911228695 0.2912633998458741 0.7723825362602371 0.26917785696115176 0.7750511673855077 0.2588855584987731 0.7723825362602372
2 0.25288171576595364 0.73997770730148 0.27110764967193196 0.729684396372361 0.2818287948851257 0.729684396372361 0.28225764163594075 0.7373090657053227 0.2809711013834955 0.7399776968305933 0.2786124501433084 0.7415026348855404 0.2745384118998609 0.7445525005245476 0.25566921375695584 0.7468399076069681 0.2522384515290269 0.743408807454224
2 0.2807566838973838 0.8787466409953038 0.294265315322988 0.8669284024821244 0.30691626502555375 0.863116057344757 0.31141913824122447 0.8749342958579363 0.3032710617543295 0.8882774724260624 0.2897624421073172 0.885608841300792 0.2818288066637175 0.8848463722733185