2 0.057578332672002484 0.7688870961182432 0.08636749900800374 0.7249286563201089 0.13923487718866057 0.7071910402612125 0.1575552557661159 0.7179878500361929 0.14813334678342457 0.7519206807575597 0.11201602901644123 0.7989639233485456 0.07380495369774866 0.8089895324253131 0.05705489328407519 0.7850823107807137
2 0.5291972211944956 0.8984488134180073 0.5763067661079522 0.9154152287786907 0.6328382200041 0.906160820400136 0.6637211438918105 0.8521767715252344 0.6631977045038832 0.7904807156682038 0.6092834475473717 0.744208673775431 0.5642676601856244 0.7280134591129603 0.49307990342751223 0.7357254660950893 0.47057200974663843 0.775827902402159 0.4595797826001654 0.8429223631466798 0.46743137341907476 0.8830247994537498
2 0.45877306254462624 0.5070966068903247 0.5038643734710141 0.45589935331005144 0.5530925019135845 0.44919495105549195 0.6014932668529184 0.45589935331005155 0.6449298507728334 0.4766220511877811 0.6577539850729988 0.5131915180308334 0.6395519880017964 0.5424470915052753 0.5994248580948272 0.5491514937598349 0.5195842800325072 0.5546369137862925 0.47573401436097396 0.53879014482097
2 0.3665220319337591 0.45407087996789885 0.4178185691344206 0.44675698659928836 0.44925838225740666 0.4199393775810501 0.4405710654734237 0.4095780286421853 0.40209866257292753 0.40653057307193097 0.3640399414240497 0.410797010870287 0.3466653078560836 0.42603428872155885 0.34542426260122894 0.44736647771333937
2 0.33756430932048237 0.38093194628179433 0.32598122027517173 0.3992166797033205 0.3044697691910233 0.4040926086157275 0.2858540903682026 0.3998261708173713 0.29288668014571273 0.38154143739584523 0.3069518597007328 0.37361805291318384 0.33011803779135407 0.3723990706850822
2 0.4761476961125921 0.3711800884569805 0.5026233282161595 0.35228586392140343 0.5353041865940003 0.344971970552793 0.5799818157687701 0.3468004438949456 0.6052164026174826 0.3486289172370982 0.5994248580948272 0.3675231417726752 0.5671576814686046 0.382760419623947 0.5535061836652028 0.39190278633471004 0.5096559179936695 0.40226413527357485 0.47656137786421043 0.39555973301901526
2 0.7090505222736603 0.41689192201079583 0.710291567528515 0.3870268574223031 0.6606497573343265 0.37422754402723474 0.6027343121077732 0.37483703514128575 0.5688124084750775 0.3851983840801505 0.5700534537299322 0.41567293978269404 0.5952880405786448 0.42481530649345717 0.6378972609953233 0.43517665543232187 0.6813338449152384 0.43091021763396575
2 0.6010795851013002 0.3303441838155721 0.6287962624597221 0.3132784326221477 0.6631318478440359 0.31023097705189334 0.7003632054896772 0.31449741485024946 0.7028452959993867 0.33948655052633514 0.6834022536733295 0.35411433726355607 0.6329330799759045 0.35472382837760685 0.6110079471401378 0.3461909527808948
2 0.5514377749071117 0.3120594503940459 0.5799818157687701 0.32181130821885984 0.5770860435074424 0.3346106216139282 0.5564019559265304 0.33826756829823346 0.5373725953520914 0.33278214827177555 0.5369589136004731 0.32242079933291073
2 0.6254868084467762 0.2303876411112292 0.6362425339888503 0.24135848116414493 0.6259004901983944 0.24989135676085708 0.5828775880300976 0.24989135676085708 0.5803954975203882 0.2328256055674328 0.5866007237946618 0.2291686588831275 0.5923922683173172 0.231606623339331
2 0.5100695997452876 0.2821943858055533 0.5328220960842908 0.2669571079542815 0.5679850449718411 0.2675665990683324 0.5899101778076077 0.269395072410485 0.5894964960559895 0.283413368033655 0.5675713632202228 0.29438420808657073 0.5386136406069462 0.29926013699897763
2 0.44181211072827853 0.33582960384202987 0.4554636085316803 0.32242079933291073 0.48276660413848405 0.31937334376265636 0.4955907384386494 0.3279062193593686 0.4947633749354129 0.3425340060965895 0.47821610487068344 0.35289535503545433 0.45546360853168033 0.35289535503545433 0.4484310187541703 0.35045739057925085
2 0.378518802730688 0.36020924840406476 0.39092925527923517 0.3443624794387421 0.3764503939725968 0.3352201127279791 0.3309454012945906 0.33826756829823346 0.3172939034911888 0.3547238283776069 0.32846331078488117 0.3675231417726752 0.3590757604046308 0.3699611062288787
2 0.3607304874111037 0.3736180529131839 0.38472402900496155 0.3620377217462174 0.42774693117325835 0.3663041595445735 0.440984747225042 0.3766655084834383 0.43436583919915017 0.39434075079091346 0.39465239104379923 0.40226413527357485 0.3752093487177421 0.401654644159524 0.3586620786530125 0.39129329522065914