2 0.41486496737976014 0.9951820348454965 0.5296936637080866 0.8877616415060942 0.5543880070045009 0.771698228012947 0.48400912860972045 0.7087276526070905 0.28275023074394373 0.7000846324533454 0.13828832245992018 0.745769167551712 0.0975426560208364 0.8655367325393214 0.08643020153744999 0.944558631087847 0.15063549410812715 1
2 0.637114057047489 0.9853042975269307 0.7297178444090426 0.9210990049562535 0.8741797526930662 0.9062823989784048 0.958140519900875 0.9408544795933849 0.9569058027360543 1 0.6309404712233855 1
2 0.8457812579021897 0.7321872787386839 0.9099865504728668 0.676625006321752 0.9853042975269305 0.6914416122996004 0.9951820348454963 0.8038008742982854 0.9297420251099984 0.8099744601223892 0.8605978638800383 0.766759359353664 0.8519548437262933 0.7395955817276083
2 0.5432755525211147 0.6395834913771303 0.5408061181914732 0.550683855510039 0.5901948047843019 0.5099381890709552 0.7210748242552977 0.49388686592828607 0.788984268320437 0.5087034719061345 0.8050355914631062 0.6013072592676881 0.775402379507409 0.6840333093106762 0.706258218277449 0.7223095414201183 0.5988378249380468 0.7037887839478076
2 0.9976514691751375 0.47166195696151314 0.9976514691751377 0.5679698958175289 0.9445586310878472 0.5358672495321903 0.9445586310878469 0.49882573458756896
2 0.9038129646487634 0.4914174315986446 0.9322114594396398 0.46672308830223036 0.9556710855712337 0.42721213902796745 0.8927005101653771 0.39387477557780814 0.8433118235725485 0.3926400584129874 0.8038008742982856 0.424742704698326 0.8272605004298793 0.46548837113740965 0.8914657930005565 0.4864785629393617
2 0.47190409073044803 0.5114831435013887 0.548017653751488 0.42116171538308794 0.48509710832076147 0.3805678151052 0.3115581846327904 0.3724490350496224 0.2455930966812224 0.3582411699523616 0.17658346620881274 0.3765084250774112 0.16339044861849922 0.441458665522032 0.22225160402143687 0.5104682959944417 0.2973503195355296 0.5267058561055968
2 0.6210866742516865 0.3734638825565696 0.6555914894878911 0.35418177992457267 0.7388089850575615 0.3511372374037312 0.7651950202381888 0.37143418754267526 0.7164823399047231 0.40593900277888 0.6697993545851519 0.40898354529972164 0.6170272842238975 0.40492415527193276 0.6170272842238975 0.3815826626121472
2 0.5135128385152832 0.3460629998689952 0.5662849088765376 0.3206918121953153 0.6281906068003167 0.3186621171814208 0.639353929376736 0.3420036098412064 0.6200718267447392 0.36737479751488633 0.5764333839460096 0.3734638825565696 0.5206167710639135 0.365345102500992
2 0.39173113768161905 0.28415730194521605 0.446532903056768 0.2537118767368 0.5124979910083359 0.24660794418816967 0.5947006390710593 0.23544462161175042 0.5845521640015872 0.2800979119174273 0.527720703612544 0.32069181219531523 0.45160714059150403 0.32272150720920956 0.40086476524414405 0.3105433371258431 0.39680537521635517 0.2892315394799519
2 0.17049438116712964 0.2669048943271135 0.258786114271536 0.24762279169511678 0.3135878796466848 0.2192070615005952 0.2983651670424769 0.20093980637554557 0.22529614654227842 0.19992495886859837 0.1603459060976576 0.22123675651448962 0.11670746329892788 0.25269702922985277 0.14309349847955513 0.274008826875744
2 0.24762279169511678 0.1481677360142912 0.365345102500992 0.12685593836840003 0.4252211054108768 0.12076685332671677 0.4627704631679232 0.13193017590313602 0.43638442798729604 0.1603459060976576 0.3338848297856288 0.18774678878523196 0.25777126676458884 0.18876163629217924 0.21007343393807038 0.1755686187018656 0.2547267242437472 0.1400489559587136
2 0.5043792109527583 0.10046990318777275 0.5906412490432704 0.08118780055577597 0.6413836243906303 0.08118780055577594 0.6525469469670495 0.09844020817387843 0.6109381991822145 0.12685593836839995 0.5612106713418016 0.13497471842397757 0.5226464660778082 0.12482624335450562
2 0.5459879587375935 0.18064285623660153 0.5886115540293758 0.15831621108376318 0.6748735921198881 0.15730136357681598 0.7174971874116702 0.17049438116712964 0.7043041698213567 0.2029695013894401 0.6078936566613727 0.21514767147280642 0.5662849088765376 0.19688041634775685 0.5530918912862239 0.18368739875744325
2 0.43536958048034885 0.17759831371576 0.49930497341802227 0.16744983864628807 0.5033643634458113 0.19180617881302078 0.4688595482096062 0.20195465388249279 0.4353695804803487 0.1958655688408097
2 0.3633154074870977 0.21717736648670083 0.40289446025803827 0.20093980637554562 0.44450320804287363 0.20093980637554562 0.4485625980706624 0.21819221399364808 0.4191320203691936 0.23645946911869767 0.3836123576260416 0.24254855416038082 0.36230055998015037 0.23341492659785607
2 0.6581159804460891 0.10909181474350126 0.7386870593089363 0.10552672275841947 0.7508083720582143 0.12834331146294256 0.7251397097656258 0.15044688177044932 0.6795065323565795 0.15757706574061286 0.6410035389176967 0.1361865138301224
2 0.6759414403714977 0.03850299343888281 0.7515213904552307 0.03137280946871935 0.8099888990105713 0.034224883056784755 0.8299534141270289 0.06203260054042228 0.8114149358046039 0.09269239161212524 0.7743379791597538 0.10909181474350126 0.7073142498402172 0.09554446520019065 0.7073142498402172 0.06916278451058583 0.6666722012102853 0.05918052695235697
2 0.4663140316486914 0.06916278451058573 0.5475981289085551 0.0698758029076021 0.5989354534937322 0.05561543496727514 0.5960833799056668 0.04563317740904629 0.5433200185264572 0.033511864659768395 0.4991128779114435 0.0370769566448501 0.44777555332626645 0.04777223260009529
2 0.3436748673618797 0.09625748359720698 0.42709801981279233 0.08199711565688003 0.45918384767852805 0.1012486123763214 0.3814648424037461 0.12335218268382818 0.3451009041559124 0.12620425627189358
2 0.309449984305095 0.027807717483637563 0.36506541927237013 0.021390551910490434 0.3871689895798769 0.03422488305678468 0.3151541314812258 0.06203260054042228 0.26524284369008144 0.06773674771655308 0.260251714910967 0.04349412221799724