2 0.34930187021033676 0.8058505912656103 0.3919351257437373 0.7768851453620694 0.42524238839348716 0.7549114008575899 0.45854965104323736 0.7429256596890559 0.48386319098618724 0.7399292815491719 0.5171704536359372 0.7379316199195834 0.534490169226388 0.7499173610881172 0.5304933586958372 0.7758863526487748 0.5025152783991871 0.7988589660695485 0.4945214540466876 0.8358148298824459 0.477201738456237 0.8527945346174528 0.4319038409234372 0.8607850287298091 0.38793821356748764 0.8567897816736312 0.3413080458578374 0.8478004948479806 0.33198205297418704 0.8208327105740283 0.34663722821093745 0.8048517985523158
2 0.25204462261478694 0.6989781706800966 0.22539881249498697 0.7029733415332751 0.22406654231813666 0.717955460841693 0.23472480537863713 0.7309399947235216 0.2653675276746869 0.7389304888358774 0.28268734491083647 0.7389304888358774 0.3013393306781374 0.7389304888358774 0.32265606009053677 0.7289424092969321 0.34130804585783747 0.7159578754151036 0.31599460756058656 0.6959817163372132 0.29601024997073644 0.693984130910624
2 0.34397268785723695 0.6130806637842683 0.32532060044423694 0.6040914531616172 0.3000070605012874 0.6050901696719123 0.2866841554413871 0.6170758727389465 0.2880164256182376 0.6330568228621586 0.31199769538433725 0.6420460715863094 0.34663722821093745 0.6440437713173979 0.3586278630939871 0.6440437713173979 0.3706184979770372 0.6380508626316312
2 0.3159946075605868 0.4482773513916728 0.30400397267753687 0.4552689765877346 0.30533624285438726 0.4682535104695631 0.3159946075605868 0.4722487194242413 0.3359789651504366 0.4732475502390357 0.3612924034476877 0.46625588694147413 0.3746153085075876 0.4622606398852962 0.38660594339063736 0.4532713911611453 0.37994449086068754 0.4442821043354948 0.34663722821093756 0.4402868572793168
2 0.3000070605012872 0.4153166584319539 0.3119976953843373 0.42929998502707706 0.33064978279733687 0.431297608555166 0.3559633227402868 0.43029877774037173 0.3746153085075875 0.42330715254430984 0.3732830383307372 0.41331907300536463 0.3479694983877876 0.41132144947727567 0.330649782797337 0.41232024219057023
2 0.6304151466450874 0.6610234379509052 0.6130953294089379 0.6849948440849736 0.6397411395287377 0.7189543297579871 0.6610577672954382 0.7219507078978709 0.6797098547084378 0.7089662502190417 0.6783775845315876 0.6949829236239187 0.6557286865880373 0.6750067264445286 0.6450703218818378 0.6600246071361107
2 0.5091767309291371 0.42323873686511165 0.5211672641664878 0.4272339458197898 0.5304933586958372 0.4282327766345842 0.5451485339325877 0.4272339458197898 0.5518099864625376 0.42523632229170083 0.5464808041094377 0.41424945003946106 0.5358225410489371 0.41025420298328313 0.5264964465195877 0.4092554102699884 0.5158381834590869 0.41325065732616634 0.5078443591065878 0.4192434898089336
2 0.6823744967078372 0.5500873165285156 0.6557286865880372 0.5640706812251385 0.6517317744117878 0.5960325052685633 0.6783775845315877 0.6289931982282821 0.7556504745372875 0.6439753175366999 0.7503212921841875 0.615009871633159 0.7290046644174873 0.5890408800725014 0.7063556648282378 0.5580777725393719
2 0.7956191897169874 0.36830429940091314 0.7649764674209376 0.3713007156422967 0.7476566501847882 0.37429713188368036 0.7130171173581878 0.3722995083555913 0.6877035774152381 0.3703018848275023 0.6703838618247873 0.3782923789398583 0.7156817593575875 0.3882804584788034 0.7396629274779881 0.3862828349507144 0.7623119270672373 0.39427329096157065 0.7729701901277382 0.4042613705005158 0.7969514598938375 0.3962709144896597 0.8009482704243882 0.3892792511920981 0.8089420947768874 0.3693030921142077
2 0.8515753503102877 0.6300603685192754 0.8515753503102877 0.6660174777203778 0.8515753503102877 0.6879912222248575 0.8595690730170882 0.6909876765677407 0.8848826129600379 0.6829971824553849 0.8888795251362874 0.6660174777203778 0.8915440654899881 0.653032981940049 0.872891978076988 0.6440437713173978
2 0.593110971819088 0.9808472302347456 0.5931109718190878 0.9438913283203486 0.5917787016422373 0.9219175457143691 0.569129803698687 0.9119294661754241 0.5584714389924876 0.8859604746147665 0.5877817894659879 0.8789688113172051 0.6170922415851873 0.8799676040304996 0.6357443289981871 0.8849616437999722 0.6570609567648874 0.8709783553063488 0.6730484021784879 0.8609902757674035 0.7196785698881379 0.853998612469842 0.7609795552446881 0.8739747715477324 0.792954547717588 0.8859604746147665 0.8502430801334379 0.8909545143842391 0.9101961529029882 0.9029402174512734 0.951497239905237 0.9359008723094925 0.9781430500250372 0.9518817843312048 1 0.9798483994199515 1 0.9918341024869854 0.9981274076148873 0.9968281422564581 0.5824527087585872 0.9968281422564581
2 0.8397915479790664 0.4399661626772573 0.8475784381340382 0.46618747126227594 0.8808857007837886 0.4731791345598375 0.8902117953131377 0.46418992393718633 0.8742242482538384 0.45520056090853644
2 0.8982055180199382 0.42523632229170083 0.8822180726063376 0.4312291928759678 0.8995377881967882 0.4452124813695913 0.9248514297854369 0.4472101048976802 0.9395065033764884 0.43722202535873506 0.9235190579628878 0.42523632229170083
2 0.958158692435187 0.5251171176811527 0.9261835983165884 0.5271147412092416 0.9101961529029878 0.5440945602487478 0.9568263206126378 0.5580777725393717 0.9861366710861383 0.5600754341689604 0.9994595761460384 0.5590766414556659 0.998127407614887 0.5410980678043649 0.9901335832623879 0.5371028207481868