2 0.4565336549913358 0.32009859484467984 0.5009719888367904 0.31713724333631005 0.5398555309515634 0.34230864643282977 0.5520760558071846 0.34675064545384326 0.5954034482583819 0.33046324039935077 0.6998334649876847 0.32454059386569334 0.7487156491695639 0.34082794243710385 0.7687129333037768 0.37488334357565045 0.7564924084481559 0.4133808002182926 0.7376060657082004 0.4267067972813335 0.7653800243616098 0.45187820037785287 0.7731567836402014 0.45187820037785287 0.703166373929852 0.46520425392397574 0.6576170986901398 0.44743620135683937 0.6209554393638814 0.42818750127705946 0.593181480710472 0.4089388011972792 0.5898486565277001 0.5273924096674115 0.5465212640765027 0.5940225644318612 0.5076377219617296 0.6029066754400524 0.4520898046549111 0.6221552625536683 0.31544189417637936 0.6206746150410245 0.282113143792288 0.6073485614949018 0.231009076821894 0.5288731701462195 0.2432296016775154 0.451878200377853 0.26433782720598537 0.4178227992393064 0.32321865345497125 0.40005474667217006 0.34543782037769866 0.37488334357565045 0.3765446032138798 0.33934729492446 0.4387582536456376 0.31269524431529644 0.45764459638559307 0.32602124137833716
2 0.8375923168604738 0.46520425392397574 0.7942649244092763 0.47408825196600274 0.7831553409479125 0.48593360151639964 0.8009306575342154 0.5111050046129192 0.8131512671492317 0.5362765206756028 0.8153731499377463 0.5718125128437112 0.7853773084958223 0.5910612129234913 0.760936174025185 0.6014259149612443 0.7420499160446248 0.6488073131628317 0.7587142912366702 0.666575365729968 0.7587142912366702 0.6887854173181178 0.7309403325832612 0.7154375244103632 0.704277315324109 0.7642995701245943 0.7098321070547909 0.8057583782756063 0.7142759573912155 0.8457364259478104 0.7164978401797301 0.8649851825106727 0.7598252326309277 0.8945985846282057 0.7987087747457005 0.8990406401323014 0.8420362519562934 0.8590624794939333 0.8764758589752466 0.8235263743596607 0.8898073252251251 0.7717029206539777 0.8786977417637613 0.7494928690658278 0.8886964685902629 0.6947081203348573 0.9098046093593376 0.6784207717634471 0.9298018934935505 0.6547301291457353 0.9231360756092161 0.6103100259694357 0.9309129196472035 0.5762545118647249 0.9531320865699305 0.5510832217343694 0.9586868783006125 0.49333695204578293 0.9031389609937938 0.47704960347437264
2 0.0665872500696507 0.716918171923007 0.21212281884133397 0.7317248729817737 0.26655970999449996 0.7391282235111568 0.2976665775900765 0.7776256236707172 0.2776692934558637 0.8457364259478107 0.1943474174956358 0.8827531785947269 0.1299118842753634 0.9005212876449451 0.06103245833896885 0.8842339390735348 0.029925590743392336 0.8368524279057833 0.031036574517347332 0.7509736295446359
2 0.6298305740182029 0.2500221940042171 0.6612912270191574 0.24426710560755377 0.6853493900424346 0.24426710560755385 0.7106412857073634 0.2582438295044371 0.7272969116890795 0.27222058476437105 0.712491884669841 0.294419038250626 0.6828818776952476 0.3009963090151414 0.6625249596608092 0.30181852274604415 0.6298305740182029 0.2952411892554277 0.6063892773157515 0.2746871005048773 0.6242786830030028 0.25577731376393076
2 0.7525888544178919 0.1291641458783711 0.7939195097437108 0.12505332812826103 0.8235295637821878 0.12423117712345919 0.8488214123832329 0.12340899475560685 0.8642433057232973 0.12587547913306282 0.8827495777313749 0.1299862968831729 0.9049571417921743 0.13820793238339302 0.8802821124480712 0.15958420350179567 0.8451202144582779 0.16780583900201573 0.7939195097437108 0.16533935462455981 0.7556732330859046 0.1636950212519057 0.7044725283713376 0.1604063545065974 0.7161931767225631 0.13409711463328292 0.7464200970818661 0.12751981250571692
2 0.6279799279918419 0.06996836400417603 0.6403174426638932 0.06914621299937423 0.6631418259816351 0.0716126973768302 0.6871999890049121 0.07736784849959441 0.7038556620505118 0.08147866624970447 0.6909012339937509 0.09627760387749056 0.6804143653480605 0.10696572375516669 0.6674599843551832 0.11436520825058497 0.6501874449887578 0.11436520825058497 0.6267461953501899 0.09627760387749057 0.6100905223045902 0.08970030174992458 0.6187267919878032 0.07407918175428614
2 0.5298966769362558 0.16533935462455987 0.5601235972955586 0.17027238610557258 0.5841817603188356 0.17109447438427355 0.6063892773157517 0.17602747450223588 0.6273630616710159 0.1809604432571477 0.6631418259816351 0.1916485631348239 0.666226204649648 0.20480319875300632 0.6372330639958803 0.2179578030081384 0.5996036536589 0.21795780300813836 0.5465523499818553 0.2097361675079182 0.5163254296225525 0.2031589281064531 0.4984360239353011 0.19575938088493394 0.4897997542520883 0.18589344337511016 0.5150916499170173 0.16945017237466986 0.5249616993057653 0.16780583900201576
2 0.3348553408105154 0.13902177998234805 0.37012585252041236 0.13574144800593718 0.3960346615700505 0.13163063025582702 0.4225602898766311 0.1373857813785912 0.4466184528999082 0.14560741687881135 0.46574159122881126 0.1521847190063773 0.46512472490798534 0.16616150562936166 0.4447678539374305 0.18589344337511018 0.41269028755176657 0.19411507887533025 0.37629460985643803 0.1932928965074779 0.34853520184432213 0.19000426112522018 0.32941206351541924 0.18096044325714772 0.3053539240240837 0.16780583900201573 0.3158407926697741 0.1538290523790314 0.3300289533681868 0.14725175025146542
2 0.21467318647811698 0.10532139038251254 0.23564694730143948 0.09874408825494653 0.26093886649831005 0.09956627062279874 0.3004188993297098 0.10943220813262258 0.29918516668805806 0.1201203593733491 0.27080886882317456 0.1291641458783711 0.23688070347503298 0.12423117712345919 0.21467318647811698 0.1201203593733491 0.21035505163651058 0.11025439050047486
2 0.460189747277495 0.0790121818722485 0.48609850926324966 0.08805596837727042 0.49596851158811406 0.09956627062279881 0.46327412594550776 0.11272087487793073 0.4355147179333919 0.11107654150527665 0.4114565549101149 0.1053213903825125 0.4003527728797151 0.09463327050483641 0.405904663894915 0.08230081725450625 0.4244109359029921 0.07407918175428607
2 0.5817142479716487 0.11354302588273271 0.5539548399595328 0.11600954162323909 0.5366823005931074 0.11600954162323901 0.5261954319474168 0.1201203593733491 0.52372791960023 0.13245281262367928 0.5564223523067199 0.13738578137859123 0.5841817603188356 0.14067444812389934 0.6107073886254163 0.14231875013350315 0.6310643066598546 0.14231875013350315 0.6397005763430673 0.13738578137859125 0.621811170655816 0.1160095416232391 0.5897336513340355 0.11189872387312891