1 0.5794878820760021 0.4593506842888155 0.5756167945024749 0.4601337649355799 0.5747370006517107 0.5102507321602237 0.5749129567369458 0.5153407339601602 0.580078125 0.5152173913043478 0.5845906890953525 0.5090761485301296 0.587890625 0.5065217391304347 0.5879339084131745 0.5000707285603504 0.5815993819480009 0.49341456546688517 0.5879339084131745 0.4887160965223201 0.5875819828181156 0.4797107064245829 0.5821272636282949 0.4793191735692113 0.582655145308589 0.47305454333111774 0.5879339084131745 0.46913915503331705 0.5877579389033507 0.46052529779095147 0.5823032197135299 0.4597422320802082
4 0.560828125 0.48445217391304346 0.011546875 0.05885217391304348
4 0.5657265625 0.542191304347826 0.0087734375 0.029565217391304348
3 0.424890625 0.4921043478260869 0.019484375 0.046730434782608694
3 0.34670892774735096 0.4754048580460063 0.3380869453249435 0.510643352726212 0.3562107040205226 0.5094687242880549
3 0.3438707144683488 0.5123154892139749 0.35040405923564305 0.5129926096025259 0.3533953663829948 0.5200402756793208 0.3540992041485239 0.5317864405727226 0.3519876908519365 0.5400087649597165 0.3479406471931742 0.5447072339042814 0.3423099584935297 0.5400087649597166 0.340198458621531 0.5290456657770579 0.34143016464276543 0.5172995008836562
4 0.132375 0.46544347826086957 0.0112421875 0.059060869565217396
0 0.09030615557624595 0.4730523977819264 0.08432355470613126 0.472269317135162 0.08432355470613126 0.5231693650065702 0.11124525190935289 0.5216032186490625 0.11054141414382372 0.47148625142441875
4 0.13140625 0.5127652173913043 0.007546875 0.030278260869565216
1 0.144125 0.5140869565217392 0.0113046875 0.028034782608695654
0 0.588671875 0.5026086956521739 0.596953125 0.5020869565217392 0.5966406249999999 0.45652173913043476 0.586953125 0.4580869565217391 0.58859375 0.46730434782608693 0.58546875 0.47373913043478255 0.5828125 0.475304347826087 0.58359375 0.4784347826086957 0.5864062499999999 0.4777391304347826 0.588125 0.4822608695652174 0.5882031249999999 0.4893913043478261 0.5844531249999999 0.49165217391304344 0.583515625 0.49373913043478257 0.58671875 0.4954782608695652
3 0.8341833040574345 0.5388202131842155 0.8238616946212103 0.5391969532963923 0.8240308987937155 0.5734795130903619 0.8338448957124243 0.5734795130903619