3 0.7211538461538461 0.28125 0.7211538461538461 0.40384615384615385 0.7879807692307692 0.39447115384615383 0.7865384615384615 0.26298076923076924
3 0.7196673225598555 0.15880745520386702 0.7453233327052655 0.26143149578550706 0.7524038461538461 0.2620192307692308 0.7777992949146453 0.1260067333723935 0.7742269390716134 0.12340865639564311
3 0.31971153846153844 0.23076923076923078 0.3173076923076923 0.30288461538461536 0.3581730769230769 0.3004807692307692 0.3605769230769231 0.22596153846153846
3 0.3119915534660314 0.17479338989176726 0.3389423076923077 0.22115384615384615 0.37009326686580885 0.16551664573550023 0.3437277834743132 0.12206242310877598
4 0.30865384615384617 0.39783653846153844 0.3081730769230769 0.4163461538461538 0.3168269230769231 0.42427884615384615 0.31466346153846153 0.4341346153846154 0.30504807692307695 0.43846153846153846 0.3048076923076923 0.45552884615384615 0.3173076923076923 0.46129807692307695 0.31658653846153845 0.47620192307692305 0.30625 0.47668269230769234 0.30480769230769234 0.49206730769230766 0.31394230769230774 0.4985576923076923 0.31418269230769236 0.5103365384615385 0.33437500000000003 0.515625 0.33413461538461536 0.40384615384615385 0.3293269230769231 0.39663461538461536
3 0.3173076923076923 0.31009615384615385 0.3173076923076923 0.38461538461538464 0.3606464138389726 0.3844711150009197 0.3594551787808753 0.3079342625181649
3 0.31391761819088104 0.6901820894536759 0.3187695133715748 0.7183230815016993 0.3282307089739274 0.7243879504775664 0.33478076746786384 0.7258435190317745 0.3442419630702166 0.7202638395739768 0.35096153846153844 0.7043269230769231 0.35079202156415307 0.6853301942729823 0.3485576923076923 0.6634615384615384 0.3372067150582107 0.6513669280081265 0.32386400331130305 0.6535502808394387 0.3158583762631585 0.6664078030682768
3 0.5981034009232921 0.47916935030918917 0.5990843003098 0.5326283668738787 0.6304730806780582 0.5326283668738788 0.6298076923076923 0.47596153846153844
4 0.5346259648335331 0.5459652429564753 0.5459652429564753 0.5463852162202879 0.5472251627479133 0.5904824089206187 0.5333660450420952 0.5900624356568059
4 0.5472251627479133 0.5459652429564753 0.5594043873984809 0.5459652429564753 0.5602443339261062 0.592582275239682 0.5468051894841006 0.5917423287120567
1 0.184375 0.5596153846153846 0.1935096153846154 0.5622596153846154 0.19423076923076923 0.5668269230769231 0.18846153846153849 0.5725961538461538 0.1954326923076923 0.5737980769230769 0.19639423076923082 0.5800480769230769 0.18725961538461539 0.5870192307692308 0.18269230769230768 0.5867788461538461
4 0.6762019230769231 0.5555288461538462 0.6882211538461539 0.5555288461538462 0.6887019230769231 0.5877403846153846 0.6752403846153846 0.5875000000000001
1 0.6930288461538462 0.541826923076923 0.7052884615384616 0.541826923076923 0.7067307692307693 0.546875 0.6963942307692308 0.5555288461538462 0.7052884615384615 0.5572115384615385 0.7055288461538461 0.5653846153846154 0.6966346153846152 0.5723557692307693 0.708173076923077 0.5725961538461538 0.7072115384615386 0.5802884615384616 0.6983173076923077 0.5817307692307693 0.6978365384615385 0.5882211538461538 0.6923076923076923 0.5879807692307693