3 0.005372990555881587 0.36517494835665126 0.11710251040796243 0.35731150421465685 0.12365984048639304 0.5308657973037386 0.009999262351830473 0.53747736304723
0 0.06648160817638471 0.3606586269436413 0.06956178479225818 0.33912964167231513 0.07830490156920597 0.3259064420880439 0.09087313005999834 0.3102039110247375 0.11109161199560072 0.3060716767602813 0.13076363224801338 0.3143361679882897 0.13982242989477728 0.32634818234502055 0.1445711161930905 0.3367211074562315 0.15011125020778918 0.35427528841366535 0.1511665138296366 0.37621801461045773 0.1490559865859418 0.3913784436191506 0.14246058894939576 0.41092741786720194 0.13076363224801338 0.4259067655177599 0.12202051547106556 0.4267332169104704 0.11898097336329162 0.3562700817042828
0 0.07264312640580228 0.5624096657796912 0.16245741930802873 0.5597914825531239 0.16245741930802876 0.54822120845337 0.12202051547106556 0.45731182764437284 0.12529916550172054 0.530039323211932 0.07222959817199316 0.5353106084960144
3 0.2147375555210285 0.3525297174125224 0.2835412900758757 0.34739413290032356 0.28845929513897883 0.45070021650268904 0.21696147348482123 0.4619528582326809
3 0.2180042057936718 0.5081296939780005 0.2206042559545137 0.49209941196559936 0.2246043331250398 0.4815133766743909 0.23300449518314462 0.46971750877847307 0.2428046842509335 0.46245851315021597 0.25192334773168873 0.45956259637273195 0.2626050662450376 0.46094622239432903 0.271405236020195 0.4651806365108124 0.2796053942197735 0.47425438104613377 0.2844054868244048 0.48423550003498733 0.2888055717119835 0.49784611683796953 0.29060560643872024 0.5108518173385969 0.2900055948631413 0.5256722667462886 0.2868055331267204 0.5404927161539803 0.2816054328050366 0.5510787514451886 0.2730052668884055 0.5610598704340423 0.2642050971132481 0.5674114916087672 0.25040483087493304 0.5692262405158316 0.23826219587451705 0.5645215827605184 0.2296044295881974 0.5544057911081398 0.22300430225682935 0.5420050069098672 0.21859017562210442 0.5256784807986074
0 0.28573927155241446 0.37930785352950097 0.35863119016608674 0.3754933894560948 0.36190990023098313 0.4994607351771257 0.29087204264902167 0.5068987750124235 0.2783037541239878 0.4564853989507585 0.2897791192826424 0.45070021650268904
0 0.3612069684985057 0.4370520284513159 0.41880807975408135 0.43614465399778374 0.4204081106222918 0.546541879177528 0.34715588504167366 0.5499530584266663 0.3455165300092254 0.5020190592422288 0.36245633189705206 0.5011925851504221
3 0.45114268723699075 0.617821076457708 0.45426117551037376 0.6227444197275817 0.46032625338939764 0.6245721653356411 0.4669588289439137 0.6245721653356411 0.47218835966958994 0.6205215120088813 0.4757597465066371 0.6156993056675004 0.4780556380447388 0.6089482167895672 0.4790760342838951 0.6031615691799103 0.4788209352241061 0.5950602625263905 0.4774178903952661 0.589659391424044 0.47512199885716433 0.5834869673070766 0.47065776531085546 0.5777003196974196 0.46568333364496833 0.5753856606535569 0.4603262533893976 0.5757714371608673 0.4553518217235105 0.577893207951075 0.4508875881772016 0.5831011907997662 0.4476988499298381 0.5892736149167336 0.4461682555711036 0.5975678098239086 0.4465509041607873 0.6050904517164626 0.4482090480494163 0.6114557640870852
3 0.4969329684691308 0.5736496663706598 0.5034379944937524 0.5755785489072122 0.5090501738091122 0.5798220904876272 0.5123664615863702 0.5861874028582499 0.5140246054749993 0.5937100447508039 0.5141521550048938 0.6025829044189447 0.5121113625265812 0.6114557640870854 0.5086675252194286 0.6174352999503976 0.5034379944937525 0.6222575062917783 0.4980809142381817 0.6230290593063992 0.49119323962387657 0.6220646180381231 0.48478195756961584 0.6162919445912171 0.48150015847475264 0.6083504472176057 0.48117198577626824 0.5949491652874535 0.4834127183003095 0.5844514085753529 0.48685655560746216 0.5782789844583854 0.4919585368032438 0.5742283311316256
3 0.5802825564042038 0.5602051040535375 0.6153979004622663 0.5582197228938903 0.6167106273112135 0.6108321600346759 0.5822516286501199 0.6123212095369003
3 0.6345068877260853 0.5726774833839599 0.6732044742123873 0.5718746561027969 0.6741889923078404 0.6309395547474582 0.6341509496074831 0.6309395547474582
3 0.6836705353997194 0.5816526866518903 0.7138631447604771 0.579667305492243 0.7148476989109399 0.6278126486563111 0.6830141539477408 0.6293016981585356 0.682357808550772 0.5861197806286077
3 0.7343537024128489 0.6079690977039793 0.7141913174589615 0.6094479410920186 0.7141913174589615 0.579667305492243 0.7335539753846666 0.5761929020953492
3 0.7510803242012828 0.591518835649906 0.768193070696605 0.5909500675387042 0.7691333314930514 0.6159758644315848 0.7519321152149185 0.6178857701230527
0 0.9449773085420274 0.4100680199347558 0.9988556341388106 0.40748522597177567 0.9987109126853251 0.43210052381751596 0.9798281590899866 0.46348037304173645 0.9808656730237965 0.47352192479348704 0.9987109126853251 0.4967430132194101 0.9988556341388106 0.5419943905632105 0.9453621502504962 0.5429870811430342
0 0.9489721580988537 0.5539066502561162 0.9498390578989961 0.605854991206795 0.9752692734186929 0.605699922102314 0.9748984142142852 0.5821982499861562 0.9498390578989961 0.549254768071274
0 0.9375341149055945 0.5740658247882147 0.9203071947148321 0.5749962394150999 0.921332606630949 0.6216720398638446 0.9250240895289693 0.6255487674758666 0.9390722327797698 0.6243082146400196