3 0.8963122151289776 0.014057579847053454 0.8044822135438334 0.25227153367956623 0.8113317853918014 0.2681756086289302 0.9842834745529916 0.27530502153726577 0.9925029607705533 0.2665303594962374 0.9911330464009597 0.25391678281225905 0.9130479273341253 0.015904074949363994 0.9051709197089622 0.009323078418592645
3 0.9014036551925797 0.5297702207270891 0.9219523707364836 0.5242860569514464 0.9452409150195745 0.5067367328693896 0.9603099730851039 0.4853484941443829 0.969899373672259 0.4601213407764263 0.9774339027050238 0.431603689143084 0.9798312528518125 0.4052797030199988 0.9764064669278286 0.37785888414178515 0.9692144164874622 0.3465991506206215 0.9568851871611199 0.3180814989872792 0.940446214725997 0.29833850939496537 0.9209249349592884 0.28572493271098703 0.9058558768937589 0.2824344344456013 0.8846222041650584 0.2840796835782942 0.864415967213553 0.2966932602622725 0.8500318663328202 0.3120489188340722 0.8366752012292828 0.33617923944690026 0.8270858006421277 0.36414847470267825 0.822976057533347 0.403634453887306 0.8257158862725341 0.44202360031680515 0.8313493317601782 0.4639001349527665 0.8459221232240395 0.4946715725629755 0.8630460528439593 0.5138661457777252 0.8798275038714807 0.5253828897065749
3 0.8181811797259619 0.6902271704903283 0.9691759897183069 0.6986617183985605 0.9665423593114637 0.8153396311291048 0.8181811797259619 0.8111223571749887
0 0.7646306947868163 0.6902271704903283 0.65314034089712 0.681792622582096 0.6575297249085253 0.501855600539811 0.6706978769427415 0.501855600539811 0.6706978769427415 0.5805780476833108 0.7681422019959406 0.5890125955915431
3 0.8137917957145566 0.5819838056680162 0.817838878647371 0.3608579764372926 0.6768430145587088 0.3528452541610437 0.6742093841518658 0.5763607737291948
3 0.5272909067484576 0.6751448644463929 0.5341002465078061 0.6593567251461988 0.5461150851638185 0.6484268028396863 0.5595914856202698 0.6467141065828461 0.5724459052314435 0.6549707602339182 0.5814104196926198 0.6713769326813446 0.5852608198230345 0.6878188167470102 0.5843475838946669 0.7110983112534451 0.5794111734710583 0.7246022625093004 0.5687939377339543 0.7368421052631579 0.5583080189101316 0.7422825577145274 0.5448316184536801 0.7409124007090553 0.5331872546334337 0.7309941520467838 0.5258833196384552 0.7076023391812866 0.5245100622098247 0.6895315130038503
3 0.5240573358897106 0.5467836257309941 0.5815758239751667 0.5453216374269007 0.5834018077239114 0.6403508771929824 0.5267963115128276 0.6418128654970763
3 0.3907605222313522 0.5482456140350876 0.43732310782434053 0.41081871345029247 0.4847986852917009 0.5482456140350876
3 0.3944124897288414 0.631236408117053 0.47210183821251356 0.6285595262603404 0.47359921604100813 0.6905591307579544 0.3944124897288413 0.6911779285848892
3 0.47317139380429546 0.6175982702165634 0.3962384734775862 0.6198830409356725 0.39659121343271414 0.56244945074631 0.47231574933086995 0.5590240582326297
3 0.2887800097811025 0.7172771923646609 0.34054596914087465 0.716374269005848 0.3405459691408747 0.7558479532163743 0.2883521875443898 0.7549565100151447
0 0.37880082168819146 0.7898755023482148 0.3332420341458962 0.7880116959064329 0.3341550260202685 0.7573099415204677 0.3413793361557987 0.7575637488122151 0.34119589750122814 0.751982627746906 0.378984260342762 0.7537450870306878
0 0.3604644962380113 0.52426814816099 0.39004999502399174 0.52426814816099 0.38939737372724215 0.6259866194320923 0.3369701295550268 0.6242448647870392 0.32761589096828303 0.6238965138580287 0.32739835053603317 0.6029954581173912 0.36111711753476083 0.6033438090464018
3 0.3591592536445121 0.4873429496858638 0.3595943345090118 0.6009053525433274 0.2886761535955588 0.5988152469692636 0.28998139618905794 0.48699459875685325
3 0.30042333693705103 0.3877145839888252 0.3528505811092663 0.39189479513695263 0.3515453385157672 0.4782858255315875 0.2984654730468024 0.4758473690285131
3 0.2903930412240099 0.6589403457436457 0.2960698976689905 0.6335337317761688 0.3056768854989577 0.6242102037147094 0.31324602742559854 0.6195484396839797 0.3269287070622186 0.6232778509085634 0.3395924637471754 0.637496231202289 0.34366815555382824 0.6640682861774484 0.34119362838550327 0.6880763709357065 0.33915578248217687 0.6911065175556809 0.3368268157355182 0.6948359287802646 0.32751094874888326 0.7053248978494064 0.31310046700393246 0.7081219562678444 0.3042212812822961 0.703227104035578 0.29534209556065966 0.6908734293541443 0.2902474808023437 0.6712940204250795
0 0.3407569471205048 0.6402932896207268 0.3461426827221531 0.6339999081792417 0.3564774726604512 0.6291050559469755 0.3662300209120846 0.6335337317761688 0.37496364621205486 0.6414587306284093 0.37772929422371204 0.6486844648760404 0.3804949422353693 0.6633690215728391 0.3804949422353693 0.6775874018665646 0.37612812958538416 0.689707988346462 0.3713246356704005 0.6994976928109943 0.3627365707920965 0.70509180964787 0.35574967055212037 0.7057910742524796 0.3475982869388148 0.702760927632505 0.33886466163884454 0.6929712231679727 0.3439592763971605 0.680617548486539 0.3446870785054914 0.6689631384097147
3 0.13148916950312028 0.510239791691495 0.15702104707654171 0.44032712792607387 0.1820422870984947 0.5118751756392242 0.15548913442213638 0.513101713600021
3 0.12970193807298078 0.581378993417713 0.15472317809493377 0.513101713600021 0.15753168462801018 0.5171901734693439 0.17999973689262103 0.5826055313785099
0 0.1490177854525654 0.6207382820827715 0.1347788537289265 0.6211314032240525 0.13453335490610513 0.5869298639326014 0.17700465125420037 0.5861436216500393 0.17749564889984312 0.609337768985621 0.1499997807438508 0.6097308901269021
0 0.14975428192102946 0.6230970089304577 0.12692289139864302 0.6238832512130198 0.1276593878671071 0.7087974177297256 0.14828128898410128 0.7095836600122878 0.16202922306209744 0.6852101492528628 0.17258567244341594 0.6836376646877387 0.1816691288878062 0.6871757549592681 0.1819146277106276 0.6789202109923661 0.15073627721231492 0.677740847568523
3 0.1914890818006606 0.6785270898510851 0.191734580623482 0.6105171324094641 0.151472773680779 0.6113033746920263 0.15073627721231492 0.67656148414468
3 0.1668655498716697 0.7532201066944838 0.17668550278452405 0.7540063489770459 0.1904334368625202 0.7390677456083662 0.1936249215591979 0.7205910519681571 0.1906789356853416 0.7005418737628236 0.18576895922891437 0.6930725720784838 0.1754580086704173 0.6844239069703008 0.16220107223806388 0.6856032703941438 0.16048258047831432 0.6899276029482355 0.14992613109699582 0.7056524485994774 0.1484531381600677 0.7190185674030329 0.14869863698288904 0.7304190805001832 0.15483610755342303 0.7449645627275819
3 0.07406699484519572 0.702507479469229 0.0477986208033102 0.7013281160453857 0.04730762315766746 0.7422127147386145 0.07480349131365976 0.7429989570211768
3 0.08167745835265786 0.7044730851756341 0.08094096188419377 0.7587238026724183 0.10745483474890061 0.7599031660962616 0.10770033357172197 0.7052593274581963
3 0.057864072538985956 0.7862422825620917 0.05099010549998787 0.780738586584157 0.048289618448952916 0.7752348906062224 0.04706212433484612 0.7646206197916342 0.048289618448952916 0.7551857124008889 0.053199594905380114 0.7481095318578302 0.06031906076719953 0.7453576838688629 0.06719302780619762 0.7473232895752682 0.07308499955391026 0.7599031660962616 0.0728395007310889 0.7650137409329152 0.0728395007310889 0.7736624060410983 0.06891151956594714 0.7815248288667191 0.06449254075516266 0.7866354037033728
0 0.08216845599830058 0.6596572750695949 0.09763488183604624 0.7021143583279478 0.10794583239454338 0.6785270898510851 0.10720933592607923 0.660050396210876
3 0.15074557453532036 0.754026866840618 0.19007665741268978 0.7563597503888909 0.1904408252149662 0.7890200239531617 0.14965303111884462 0.7878535821790255