3 0.6806640625 0.005859375 0.67578125 0.0263671875 0.697265625 0.2255859375 0.7216796875 0.23046875 0.8701171875 0.216796875 0.876953125 0.1923828125 0.85546875 0.0009765625
3 0.73828125 0.3134765625 0.736328125 0.3759765625 0.7666015625 0.421875 0.8095703125 0.435546875 0.849609375 0.4130859375 0.869140625 0.3525390625 0.861328125 0.3154296875 0.8408203125 0.28515625 0.8095703125 0.267578125 0.7802734375 0.26953125 0.748046875 0.2939453125
3 0.9140625 0.5458984375 0.9140625 0.5615234375 0.9638671875 0.611328125 1 0.5595703125 1 0.5380859375 0.9541015625 0.490234375
3 0.9375 0.6494140625 0.9375 0.6787109375 0.9501953125 0.701171875 0.9833984375 0.7109375 1 0.6962890625 1 0.6396484375 0.9853515625 0.625 0.9541015625 0.625
3 0.8525390625 0.6796875 0.859375 0.7666015625 0.9287109375 0.763671875 0.921875 0.6748046875
3 0.3193359375 0.271484375 0.322265625 0.3583984375 0.3916015625 0.357421875 0.388671875 0.2705078125
3 0.3935546875 0.53125 0.392578125 0.5751953125 0.4306640625 0.580078125 0.43359375 0.5322265625 0.4189453125 0.525390625
3 0.556640625 0.7080078125 0.552734375 0.7158203125 0.552734375 0.7236328125 0.556640625 0.7314453125 0.5615234375 0.734375 0.5693359375 0.734375 0.5732421875 0.732421875 0.576171875 0.7294921875 0.578125 0.7216796875 0.576171875 0.7099609375 0.5712890625 0.705078125 0.5654296875 0.703125
3 0.685546875 0.7451171875 0.68359375 0.7568359375 0.6875 0.7802734375 0.689453125 0.7861328125 0.7021484375 0.80078125 0.7138671875 0.80078125 0.740234375 0.7958984375 0.740234375 0.7724609375 0.736328125 0.7451171875 0.7333984375 0.7421875 0.7294921875 0.740234375 0.6923828125 0.740234375
3 0.654296875 0.7236328125 0.65234375 0.7275390625 0.65234375 0.7392578125 0.65625 0.7490234375 0.6611328125 0.75390625 0.6708984375 0.75390625 0.677734375 0.7470703125 0.6796875 0.7412109375 0.6796875 0.7294921875 0.677734375 0.7255859375 0.6708984375 0.71875 0.6650390625 0.716796875 0.6591796875 0.71875
3 0.65625 0.7548828125 0.654296875 0.7587890625 0.654296875 0.7822265625 0.6591796875 0.7890625 0.6728515625 0.79296875 0.681640625 0.7861328125 0.68359375 0.7802734375 0.6796875 0.7568359375 0.6748046875 0.751953125
3 0.5205078125 0.76171875 0.513671875 0.7685546875 0.513671875 0.7861328125 0.517578125 0.7998046875 0.5244140625 0.8046875 0.5380859375 0.8046875 0.5439453125 0.802734375 0.548828125 0.7939453125 0.548828125 0.7841796875 0.546875 0.7802734375 0.546875 0.7685546875 0.544921875 0.7626953125
3 0.5185546875 0.73046875 0.513671875 0.7353515625 0.513671875 0.7568359375 0.515625 0.7626953125 0.5400390625 0.76171875 0.5439453125 0.763671875 0.544921875 0.7373046875 0.54296875 0.7333984375 0.5400390625 0.73046875
3 0.75 0.4873046875 0.76171875 0.6494140625 0.7919921875 0.654296875 0.8935546875 0.642578125 0.880859375 0.4794921875